0 0.039111 0.144500 0.038222 0.038000
0 0.083778 0.114625 0.034222 0.029250
0 0.095111 0.138375 0.036444 0.019250
0 0.070889 0.160250 0.046667 0.027000
0 0.249333 0.141750 0.047111 0.034000
0 0.310889 0.101500 0.053778 0.026000
0 0.287556 0.121250 0.046222 0.018000
0 0.332222 0.133250 0.032444 0.024500
0 0.363778 0.112125 0.052000 0.033750
0 0.418222 0.120875 0.049778 0.039750
0 0.471778 0.107750 0.041333 0.026500
0 0.711111 0.106625 0.064889 0.019250
0 0.748444 0.125750 0.048889 0.031000
0 0.847778 0.151625 0.058222 0.031750
0 0.672667 0.165500 0.060000 0.032000
0 0.532000 0.191250 0.040889 0.019500
0 0.600000 0.208750 0.037333 0.032000
0 0.647111 0.203750 0.042667 0.033500
0 0.693556 0.221750 0.044000 0.026000
0 0.586889 0.255000 0.052889 0.042000
0 0.486222 0.239125 0.048000 0.022750
0 0.448222 0.216250 0.068889 0.032000
0 0.346222 0.172875 0.049778 0.044250
0 0.269111 0.207000 0.047556 0.033500
0 0.171333 0.252250 0.058222 0.033500
0 0.117556 0.274125 0.053778 0.035250
0 0.037111 0.286125 0.068000 0.025750
0 0.063333 0.318000 0.066222 0.024500
0 0.161778 0.334875 0.052444 0.030250
0 0.219556 0.327625 0.061333 0.037750
0 0.147333 0.381125 0.053778 0.032250
0 0.075333 0.350000 0.078667 0.028500
0 0.051333 0.449000 0.065333 0.019500
0 0.113556 0.398750 0.041333 0.027500
0 0.214444 0.410500 0.044000 0.034000
0 0.169778 0.453625 0.046222 0.037750
0 0.142667 0.508000 0.060444 0.025000
0 0.214222 0.491250 0.041778 0.030500
0 0.281556 0.492500 0.053778 0.023500
0 0.306222 0.517375 0.043556 0.027750
0 0.306222 0.545500 0.060444 0.025000
0 0.295111 0.568250 0.056889 0.020500
0 0.221333 0.591000 0.049778 0.030000
0 0.062667 0.531125 0.050667 0.018250
0 0.110667 0.545875 0.058667 0.021250
0 0.122889 0.579375 0.061778 0.026250
0 0.076667 0.563750 0.039556 0.022500
0 0.132889 0.608500 0.056889 0.021000
0 0.305778 0.632625 0.046222 0.026250
0 0.273778 0.658625 0.042667 0.019250
0 0.265111 0.716625 0.064444 0.026750
0 0.312667 0.750625 0.050222 0.035250
0 0.405556 0.665625 0.085778 0.020750
0 0.431333 0.611000 0.069778 0.030000
0 0.362889 0.582250 0.034222 0.026000
0 0.384000 0.610000 0.030222 0.034500
0 0.380222 0.548625 0.051111 0.035250
0 0.428000 0.491875 0.055111 0.035750
0 0.503556 0.465000 0.056889 0.025000
0 0.411778 0.422750 0.058222 0.029500
0 0.308889 0.407375 0.050667 0.024750
0 0.400444 0.369500 0.047111 0.031500
0 0.427778 0.342000 0.045778 0.033500
0 0.471778 0.312500 0.042222 0.029500
0 0.469556 0.281250 0.036000 0.026000
0 0.631111 0.294625 0.044444 0.038250
0 0.587111 0.310500 0.048889 0.035500
0 0.594222 0.335750 0.053333 0.026000
0 0.678000 0.355375 0.055556 0.035250
0 0.772000 0.365250 0.076444 0.040500
0 0.752000 0.439125 0.053333 0.034250
0 0.790444 0.473750 0.063556 0.034000
0 0.837556 0.542125 0.057333 0.041250
0 0.786889 0.550375 0.030667 0.039250
0 0.767333 0.581750 0.086667 0.023000
0 0.696222 0.592000 0.041333 0.025000
0 0.756444 0.623875 0.064000 0.024750
0 0.682667 0.640500 0.058667 0.030500
0 0.587556 0.646375 0.049778 0.034250
0 0.561111 0.608500 0.057333 0.029500
0 0.537778 0.583125 0.065778 0.023250
0 0.596889 0.546875 0.045333 0.036750
0 0.551778 0.543625 0.050222 0.030750
0 0.588444 0.444375 0.059556 0.036250
0 0.592667 0.408375 0.049333 0.024750
0 0.673333 0.684750 0.063111 0.025000
0 0.440000 0.744750 0.051556 0.036500
0 0.366222 0.724750 0.047111 0.028500
0 0.242444 0.680875 0.042222 0.031750
0 0.480222 0.788750 0.057333 0.039000
0 0.482222 0.719875 0.061333 0.037250
0 0.567556 0.721250 0.067556 0.022000
0 0.537111 0.750750 0.045778 0.035000
0 0.563111 0.785625 0.047111 0.020750
0 0.650444 0.755500 0.062667 0.028000
0 0.081556 0.640500 0.051111 0.038500
0 0.219556 0.754500 0.061333 0.042000
0 0.821111 0.750125 0.055556 0.027750
0 0.758889 0.759500 0.068000 0.034500
0 0.762222 0.293500 0.076444 0.039500
0 0.786444 0.265500 0.048444 0.027000
0 0.807778 0.238250 0.052889 0.025000
