0 0.243000 0.278222 0.025500 0.044444
0 0.273250 0.379556 0.025000 0.041778
0 0.297875 0.366667 0.024250 0.038222
0 0.313375 0.423111 0.026750 0.033778
0 0.382750 0.419111 0.028000 0.036444
0 0.406375 0.374222 0.027250 0.048889
0 0.183875 0.411111 0.030250 0.041778
0 0.436375 0.300667 0.025750 0.049333
0 0.547875 0.195778 0.038250 0.033333
0 0.571375 0.256222 0.021750 0.035111
0 0.595000 0.245333 0.026000 0.059556
0 0.556250 0.308000 0.025500 0.040000
0 0.584625 0.328667 0.026750 0.044889
0 0.663375 0.348000 0.027250 0.035556
0 0.674250 0.374667 0.019500 0.020444
0 0.688000 0.360667 0.019500 0.035111
0 0.678375 0.397111 0.011750 0.028000
0 0.690375 0.428889 0.025750 0.032000
0 0.740375 0.421111 0.019750 0.044000
0 0.746000 0.481556 0.023000 0.042222
0 0.748250 0.541778 0.021500 0.042667
0 0.682750 0.554444 0.022000 0.034222
0 0.517875 0.328222 0.026750 0.028889
0 0.530000 0.359556 0.022000 0.035556
0 0.550750 0.363333 0.017000 0.047556
0 0.577000 0.367778 0.026000 0.028889
0 0.554500 0.409333 0.021500 0.038222
0 0.575000 0.392667 0.019500 0.022667
0 0.587625 0.420222 0.024250 0.032444
0 0.616750 0.436444 0.025500 0.036444
0 0.639875 0.477778 0.024750 0.027556
0 0.657125 0.466667 0.016750 0.036444
0 0.676875 0.470222 0.024250 0.029333
0 0.662000 0.494889 0.019000 0.024444
0 0.651375 0.510444 0.016250 0.046667
0 0.634250 0.532222 0.019000 0.043111
0 0.661750 0.570444 0.020500 0.045778
0 0.600625 0.495778 0.021750 0.028000
0 0.605125 0.460222 0.015750 0.032444
0 0.576875 0.476000 0.021250 0.028444
0 0.592875 0.463556 0.020250 0.030222
0 0.562875 0.504000 0.025250 0.037333
0 0.553375 0.471111 0.016750 0.034667
0 0.588500 0.540444 0.017000 0.045333
0 0.607125 0.570000 0.015750 0.057333
0 0.620500 0.589333 0.014000 0.041778
0 0.652875 0.596222 0.017750 0.034222
0 0.632375 0.625556 0.019250 0.045778
0 0.636500 0.587111 0.015500 0.027556
0 0.523875 0.454667 0.025750 0.043556
0 0.523875 0.398444 0.023750 0.035111
0 0.456250 0.418889 0.022500 0.056444
0 0.473000 0.404667 0.017000 0.039556
0 0.506750 0.419111 0.014000 0.037333
0 0.496375 0.424667 0.011750 0.045778
0 0.488250 0.356000 0.019000 0.038222
0 0.504750 0.380889 0.020000 0.033778
0 0.357500 0.489778 0.021000 0.043556
0 0.291750 0.515556 0.027500 0.029333
0 0.310750 0.538667 0.022000 0.033778
0 0.333625 0.554667 0.023750 0.048000
0 0.331250 0.590444 0.028500 0.026222
0 0.367875 0.586444 0.026250 0.037778
0 0.404625 0.547778 0.016250 0.031556
0 0.420750 0.536000 0.016000 0.051556
0 0.430750 0.509778 0.017000 0.039111
0 0.449875 0.510889 0.020250 0.046667
0 0.436875 0.561778 0.018750 0.042667
0 0.465500 0.552889 0.019500 0.040000
0 0.450500 0.560667 0.010500 0.045778
0 0.489250 0.519333 0.022000 0.044889
0 0.475750 0.631556 0.024500 0.035556
0 0.502250 0.616444 0.023000 0.034667
0 0.500500 0.662222 0.025000 0.037333
0 0.539875 0.653778 0.021250 0.057778
0 0.550375 0.718444 0.021250 0.036889
0 0.516625 0.705556 0.024750 0.040444
0 0.495875 0.709111 0.017250 0.044889
0 0.504625 0.753778 0.016750 0.043556
0 0.452500 0.739111 0.024000 0.035556
0 0.482000 0.753111 0.020000 0.042222
0 0.500250 0.804222 0.023500 0.041333
0 0.305750 0.646667 0.023000 0.035556
0 0.300625 0.691778 0.019750 0.037778
0 0.413625 0.670444 0.024250 0.037778
0 0.383375 0.706667 0.026250 0.042667
0 0.423250 0.749778 0.022500 0.020444
0 0.425000 0.712444 0.015500 0.024000
0 0.437000 0.720667 0.008500 0.042222
0 0.420750 0.728000 0.019000 0.026667
0 0.710875 0.629778 0.018750 0.036444
0 0.721875 0.656667 0.023250 0.028889
0 0.703750 0.667556 0.016500 0.035556
0 0.723125 0.707556 0.024250 0.025778
0 0.729875 0.675111 0.022750 0.021333
0 0.716750 0.684667 0.018000 0.023556
0 0.616250 0.698222 0.018000 0.048889
0 0.630125 0.687111 0.015250 0.040000
0 0.659500 0.667556 0.021500 0.050667
0 0.644000 0.693778 0.011000 0.035556
