0 0.091778 0.133875 0.040444 0.021750
0 0.053333 0.161875 0.032889 0.032250
0 0.096889 0.154250 0.034667 0.016000
0 0.073556 0.171625 0.028889 0.019250
0 0.226444 0.156000 0.039556 0.033000
0 0.260000 0.140875 0.049778 0.016750
0 0.274444 0.124375 0.044889 0.022750
0 0.290444 0.149500 0.031556 0.025000
0 0.320889 0.133750 0.044444 0.025500
0 0.364222 0.139125 0.041333 0.034250
0 0.406444 0.128125 0.034222 0.021250
0 0.514667 0.208000 0.032889 0.032000
0 0.460444 0.194500 0.038222 0.024500
0 0.568889 0.174250 0.052444 0.027500
0 0.607333 0.123250 0.056444 0.018500
0 0.634444 0.139375 0.044000 0.024750
0 0.685111 0.231375 0.043111 0.025250
0 0.592889 0.217500 0.035556 0.023500
0 0.553333 0.205250 0.034667 0.030000
0 0.505111 0.249500 0.043111 0.033500
0 0.666000 0.253375 0.044889 0.020250
0 0.646889 0.276625 0.064444 0.027750
0 0.541556 0.279000 0.041333 0.032500
0 0.508000 0.291875 0.046222 0.029250
0 0.508444 0.310875 0.054222 0.018750
0 0.582667 0.329250 0.046222 0.033000
0 0.659556 0.335875 0.060444 0.034750
0 0.647556 0.397375 0.043556 0.031250
0 0.679333 0.421250 0.050222 0.022000
0 0.721778 0.482000 0.049778 0.037000
0 0.678222 0.492250 0.034667 0.034000
0 0.666889 0.518125 0.069778 0.020750
0 0.607111 0.525875 0.038222 0.016750
0 0.660000 0.550750 0.054222 0.025500
0 0.597333 0.569000 0.051556 0.021500
0 0.593333 0.606125 0.056000 0.020250
0 0.515556 0.572375 0.047111 0.031250
0 0.464889 0.619750 0.039111 0.031000
0 0.502889 0.640000 0.051111 0.019500
0 0.481111 0.664875 0.038667 0.028750
0 0.577778 0.671750 0.048889 0.019500
0 0.501778 0.698500 0.043556 0.034000
0 0.575333 0.718250 0.047556 0.024000
0 0.515333 0.727875 0.035111 0.020250
0 0.554222 0.737250 0.040000 0.023000
0 0.539556 0.760500 0.059556 0.020000
0 0.614000 0.759125 0.044889 0.021250
0 0.578222 0.756500 0.026667 0.016500
0 0.548667 0.785750 0.042222 0.020000
0 0.615556 0.806750 0.035556 0.022500
0 0.617556 0.784625 0.052000 0.021250
0 0.663333 0.776500 0.042222 0.029500
0 0.705556 0.775750 0.036889 0.031000
0 0.721111 0.748000 0.029778 0.031000
0 0.717556 0.659375 0.041333 0.019750
0 0.671333 0.657625 0.049333 0.015250
0 0.670889 0.675375 0.062667 0.019250
0 0.514889 0.372625 0.045778 0.019250
0 0.514000 0.404000 0.047556 0.029500
0 0.442444 0.427750 0.045778 0.026500
0 0.380444 0.444625 0.045333 0.029250
0 0.363778 0.387875 0.052000 0.031250
0 0.305778 0.182875 0.040000 0.039250
0 0.240444 0.209875 0.036444 0.028250
0 0.161111 0.245625 0.053778 0.031250
0 0.117333 0.269125 0.052444 0.034750
0 0.053778 0.276750 0.056000 0.017000
0 0.073333 0.301750 0.063111 0.023500
0 0.083556 0.329125 0.075556 0.025250
0 0.156889 0.313625 0.054222 0.028250
0 0.210444 0.308375 0.058222 0.034750
0 0.147556 0.355875 0.050667 0.030250
0 0.208000 0.381750 0.048889 0.036500
0 0.068000 0.410250 0.043556 0.014500
0 0.144444 0.459625 0.048889 0.019750
0 0.203556 0.445750 0.035556 0.026500
0 0.077778 0.479375 0.037333 0.016750
0 0.085556 0.509750 0.042222 0.020500
0 0.119778 0.493875 0.054667 0.018750
0 0.130000 0.521250 0.055556 0.029000
0 0.136222 0.545875 0.050222 0.018250
0 0.211111 0.529375 0.032000 0.027250
0 0.341778 0.491125 0.037333 0.026750
0 0.258667 0.447125 0.050667 0.021250
0 0.279333 0.465375 0.040444 0.029250
0 0.277556 0.489375 0.056444 0.020250
0 0.274444 0.509250 0.057333 0.017500
0 0.324889 0.520125 0.039111 0.017250
0 0.388667 0.548375 0.058222 0.023750
0 0.282444 0.566125 0.035111 0.024250
0 0.350889 0.545750 0.023556 0.032500
0 0.388444 0.579875 0.043556 0.027750
0 0.362444 0.593000 0.041333 0.018000
0 0.403333 0.612250 0.060000 0.022500
0 0.429778 0.640750 0.048000 0.023500
0 0.390667 0.660875 0.038222 0.028250
0 0.336667 0.642750 0.037778 0.023000
0 0.250444 0.640125 0.052000 0.023750
0 0.186667 0.645750 0.039111 0.020000
0 0.293111 0.669250 0.045778 0.031500
0 0.296667 0.711125 0.037778 0.028750
0 0.219778 0.707750 0.035111 0.026500
0 0.160222 0.676875 0.036000 0.028250
0 0.099556 0.656250 0.052444 0.019500
0 0.250000 0.586000 0.053778 0.018500
0 0.232222 0.608875 0.041333 0.031750
0 0.432444 0.697000 0.035556 0.028000
0 0.463778 0.748375 0.047556 0.024250
0 0.459333 0.779625 0.050222 0.030250
0 0.407778 0.780125 0.045778 0.033250
0 0.366000 0.782125 0.036000 0.022250
0 0.279333 0.795750 0.046667 0.022500
0 0.239111 0.827500 0.041778 0.028000
0 0.334444 0.829625 0.044000 0.031750
0 0.205778 0.753750 0.041778 0.019500
0 0.220444 0.773875 0.041778 0.025250
0 0.146444 0.778500 0.045778 0.029000
0 0.131556 0.753625 0.049778 0.023250
0 0.172000 0.710750 0.042667 0.022000
0 0.217333 0.664000 0.044444 0.017500
0 0.208889 0.682250 0.041778 0.021000
0 0.352000 0.672125 0.034667 0.027750
0 0.242000 0.263750 0.035111 0.028500
0 0.272889 0.284250 0.056889 0.030500
0 0.352444 0.342125 0.033778 0.029750
0 0.474000 0.519000 0.057333 0.022500
0 0.521333 0.488625 0.035556 0.028250
0 0.485111 0.487750 0.036889 0.022000
0 0.496222 0.541625 0.053778 0.020750
0 0.392889 0.216875 0.056000 0.018750
0 0.420889 0.232000 0.034667 0.019000
0 0.404444 0.268875 0.038222 0.023250
0 0.410889 0.297875 0.044000 0.032750
0 0.280222 0.376750 0.052889 0.026000
0 0.165778 0.415375 0.043556 0.030750
0 0.295333 0.242750 0.045778 0.019500
