0 0.635333 0.089625 0.050222 0.037250
0 0.808889 0.164875 0.055111 0.031250
0 0.686000 0.192500 0.055556 0.027000
0 0.695333 0.224375 0.046667 0.029750
0 0.619111 0.244750 0.050667 0.038000
0 0.532222 0.296375 0.059111 0.026750
0 0.491333 0.209000 0.045778 0.031000
0 0.466444 0.231000 0.037778 0.028500
0 0.442889 0.261000 0.056444 0.033500
0 0.387111 0.256625 0.041778 0.036250
0 0.310222 0.220750 0.050667 0.033000
0 0.244000 0.216000 0.057778 0.023000
0 0.630889 0.330375 0.060000 0.035750
0 0.684000 0.363250 0.058667 0.034000
0 0.788222 0.404125 0.067111 0.036250
0 0.624222 0.427750 0.083111 0.026500
0 0.644667 0.450375 0.057333 0.029750
0 0.710444 0.473000 0.055556 0.031000
0 0.655556 0.473625 0.067556 0.017250
0 0.675333 0.498625 0.044889 0.022250
0 0.614444 0.486000 0.063556 0.013500
0 0.622444 0.503625 0.045778 0.014750
0 0.651778 0.519625 0.059111 0.022750
0 0.706667 0.533750 0.059556 0.030500
0 0.748444 0.519500 0.040000 0.037000
0 0.935556 0.561500 0.039111 0.055500
0 0.851778 0.593250 0.055556 0.031000
0 0.869556 0.628875 0.074222 0.033250
0 0.574222 0.525500 0.064000 0.035500
0 0.701333 0.563000 0.064000 0.020500
0 0.632000 0.569875 0.059556 0.030250
0 0.660444 0.598750 0.027556 0.028000
0 0.618444 0.620375 0.042222 0.034250
0 0.693111 0.603875 0.041333 0.035250
0 0.744889 0.614875 0.065778 0.038250
0 0.778889 0.572625 0.047556 0.041250
0 0.480444 0.476625 0.056889 0.029250
0 0.495778 0.424125 0.060000 0.026750
0 0.498000 0.394500 0.061778 0.029500
0 0.446222 0.359125 0.046222 0.024250
0 0.461333 0.378625 0.064889 0.015750
0 0.433778 0.399875 0.047111 0.025250
0 0.434444 0.420750 0.047556 0.016000
0 0.431333 0.440750 0.064444 0.033500
0 0.341333 0.495875 0.044444 0.034250
0 0.322444 0.457250 0.048444 0.036500
0 0.275333 0.494875 0.050222 0.033250
0 0.280889 0.551125 0.086222 0.029750
0 0.185333 0.567000 0.053333 0.031500
0 0.205111 0.486875 0.069778 0.019750
0 0.206222 0.517250 0.049778 0.037500
0 0.135556 0.500625 0.061333 0.021250
0 0.068889 0.494125 0.050667 0.029750
0 0.163556 0.423625 0.054222 0.034250
0 0.140222 0.466875 0.058222 0.030750
0 0.074222 0.455875 0.041778 0.029750
0 0.268444 0.370250 0.057778 0.035000
0 0.149333 0.380875 0.031111 0.027750
0 0.178444 0.379125 0.034222 0.020750
0 0.210222 0.385000 0.039111 0.025000
0 0.194667 0.401500 0.051556 0.019000
0 0.218222 0.330000 0.064889 0.037000
0 0.387556 0.309250 0.062222 0.037500
0 0.541778 0.570000 0.050667 0.031500
0 0.504667 0.580750 0.031556 0.027500
0 0.534444 0.598625 0.033333 0.025250
0 0.573111 0.603750 0.049333 0.024500
0 0.552889 0.629875 0.039111 0.026250
0 0.568889 0.648875 0.027556 0.016250
0 0.598667 0.665750 0.036444 0.037500
0 0.508222 0.638375 0.045778 0.032750
0 0.444444 0.621000 0.056889 0.025000
0 0.400444 0.647750 0.085333 0.021500
0 0.369556 0.667875 0.052000 0.020250
0 0.314667 0.681250 0.065778 0.035000
0 0.367333 0.692500 0.044000 0.026500
0 0.360667 0.715500 0.053778 0.026000
0 0.398889 0.726125 0.062667 0.036250
0 0.418222 0.761250 0.052444 0.033000
0 0.254222 0.724500 0.067556 0.035000
0 0.210667 0.664375 0.068444 0.019750
0 0.231333 0.685125 0.050222 0.024750
0 0.222000 0.703500 0.054667 0.016000
0 0.451778 0.693500 0.063556 0.023500
0 0.524889 0.695500 0.053333 0.035000
0 0.485556 0.715000 0.065333 0.019000
0 0.543333 0.723875 0.052000 0.022250
0 0.503111 0.732625 0.040000 0.029250
0 0.536889 0.754250 0.032889 0.035000
0 0.604222 0.775125 0.049333 0.035250
0 0.640444 0.756375 0.056889 0.021250
0 0.685778 0.752500 0.027556 0.026000
0 0.708222 0.772375 0.045778 0.035750
0 0.717778 0.734000 0.055111 0.039000
0 0.610222 0.857375 0.070222 0.022750
0 0.517111 0.865625 0.065333 0.031750
0 0.435556 0.862000 0.055111 0.023500
0 0.248667 0.794500 0.046667 0.024000
0 0.296667 0.807000 0.038667 0.027500
0 0.258889 0.818625 0.037778 0.026250
0 0.186889 0.823500 0.040444 0.036000
