0 0.687778 0.232125 0.048444 0.031750
0 0.832667 0.300875 0.055556 0.024250
0 0.723333 0.327125 0.054667 0.024250
0 0.736444 0.352750 0.045333 0.021500
0 0.674222 0.367750 0.038222 0.027000
0 0.565333 0.337375 0.050667 0.024750
0 0.544667 0.358125 0.042222 0.026750
0 0.489111 0.380750 0.044889 0.034500
0 0.529778 0.382625 0.042667 0.026250
0 0.366000 0.342500 0.045778 0.023000
0 0.418000 0.345500 0.044889 0.031500
0 0.483778 0.421375 0.049333 0.027750
0 0.600444 0.414625 0.044444 0.025250
0 0.679111 0.440625 0.048000 0.027250
0 0.721556 0.467750 0.052889 0.028500
0 0.798889 0.502250 0.046667 0.031000
0 0.342000 0.437250 0.052000 0.032500
0 0.384667 0.472125 0.041333 0.030750
0 0.285333 0.480750 0.032000 0.021500
0 0.309111 0.478125 0.035111 0.020750
0 0.342222 0.480875 0.040889 0.018750
0 0.323111 0.494500 0.051556 0.015000
0 0.298000 0.513750 0.042222 0.024000
0 0.278000 0.548750 0.043111 0.024500
0 0.210000 0.542500 0.034222 0.023500
0 0.245111 0.538250 0.033333 0.024000
0 0.211333 0.572375 0.044000 0.029750
0 0.272000 0.575375 0.052444 0.028250
0 0.326889 0.566500 0.055556 0.018500
0 0.330889 0.590625 0.047556 0.029750
0 0.385111 0.572125 0.047556 0.030750
0 0.426444 0.541875 0.044889 0.028250
0 0.439778 0.573500 0.039556 0.029000
0 0.390444 0.618375 0.072444 0.026750
0 0.314222 0.631750 0.045333 0.024000
0 0.556222 0.559750 0.048444 0.024500
0 0.528444 0.464000 0.038222 0.021000
0 0.515333 0.530625 0.055556 0.022250
0 0.515111 0.513500 0.049778 0.017500
0 0.570222 0.516625 0.050667 0.018250
0 0.514444 0.497375 0.028000 0.027750
0 0.539111 0.493500 0.024889 0.023500
0 0.568444 0.494000 0.045333 0.022500
0 0.666889 0.520250 0.067111 0.024500
0 0.682000 0.541250 0.047556 0.025500
0 0.734667 0.558625 0.048889 0.031250
0 0.694667 0.557500 0.040889 0.016000
0 0.702222 0.575000 0.035556 0.022000
0 0.658000 0.568000 0.061778 0.015500
0 0.623778 0.597125 0.047556 0.027750
0 0.686000 0.596875 0.038667 0.024750
0 0.667778 0.579000 0.039556 0.013000
0 0.758222 0.590500 0.034667 0.028500
0 0.724889 0.603750 0.040889 0.023500
0 0.720444 0.625000 0.047111 0.014000
0 0.674222 0.632750 0.051556 0.020000
0 0.602222 0.630500 0.042667 0.024500
0 0.575556 0.640750 0.032889 0.022500
0 0.596444 0.653625 0.024889 0.022250
0 0.624444 0.656625 0.031111 0.023250
0 0.605111 0.676750 0.036000 0.023000
0 0.612444 0.690375 0.035556 0.014250
0 0.628889 0.704625 0.043556 0.020250
0 0.573778 0.683125 0.037333 0.028750
0 0.521111 0.672250 0.047556 0.025000
0 0.488667 0.693375 0.036000 0.019250
0 0.458222 0.708250 0.048889 0.016000
0 0.655778 0.671375 0.037778 0.027750
0 0.680444 0.650125 0.032000 0.020750
0 0.713111 0.656125 0.031556 0.023750
0 0.752667 0.665750 0.046667 0.030000
0 0.783333 0.632500 0.050222 0.033000
0 0.831333 0.646125 0.042222 0.025750
0 0.840667 0.674125 0.057333 0.027750
0 0.892000 0.625500 0.036444 0.032000
0 0.341333 0.706750 0.053333 0.019500
0 0.345556 0.725000 0.053778 0.021000
0 0.338889 0.740000 0.044000 0.016000
0 0.367778 0.758000 0.054667 0.024000
0 0.361556 0.808625 0.045778 0.018250
0 0.403778 0.814375 0.048444 0.016250
0 0.367556 0.826375 0.039111 0.018750
0 0.354444 0.838500 0.035111 0.021500
0 0.324000 0.826500 0.032000 0.017500
0 0.305333 0.838625 0.035556 0.023250
0 0.501333 0.853000 0.047111 0.028000
0 0.564667 0.850500 0.041333 0.022500
0 0.636222 0.843000 0.048444 0.018500
0 0.421778 0.722000 0.040889 0.034000
0 0.459333 0.728750 0.040444 0.024000
0 0.447111 0.747250 0.040889 0.018500
0 0.485111 0.752500 0.038667 0.026500
0 0.501111 0.774250 0.052000 0.023000
0 0.528444 0.723250 0.048000 0.021500
0 0.586444 0.725250 0.040444 0.031500
0 0.595778 0.747750 0.047556 0.017500
0 0.550667 0.741500 0.060444 0.016500
0 0.559778 0.755000 0.028889 0.026500
0 0.592667 0.768500 0.036889 0.029000
0 0.640222 0.787375 0.042222 0.027750
0 0.668889 0.769250 0.037333 0.018000
0 0.726889 0.750250 0.037778 0.031000
0 0.699111 0.763500 0.023111 0.017000
0 0.717111 0.779375 0.036000 0.029250
