0 0.178000 0.071000 0.065333 0.044000
0 0.259333 0.074875 0.073333 0.047750
0 0.364667 0.124500 0.064444 0.041000
0 0.427778 0.130375 0.065333 0.050250
0 0.448889 0.094000 0.053333 0.034500
0 0.488444 0.071125 0.055111 0.036250
0 0.646667 0.111250 0.059556 0.038500
0 0.722222 0.057875 0.071111 0.030750
0 0.736000 0.087500 0.064000 0.027500
0 0.660889 0.218375 0.075556 0.048250
0 0.539556 0.174375 0.072000 0.041250
0 0.726889 0.257750 0.082222 0.042000
0 0.856444 0.310625 0.071111 0.041250
0 0.649556 0.335250 0.096444 0.030500
0 0.676444 0.366125 0.069333 0.040250
0 0.757778 0.396875 0.072889 0.045250
0 0.692889 0.396375 0.064889 0.030750
0 0.640222 0.407125 0.068000 0.019750
0 0.654222 0.428375 0.071111 0.022750
0 0.711111 0.426750 0.049778 0.034500
0 0.681556 0.453875 0.067111 0.039750
0 0.744444 0.468375 0.067556 0.035250
0 0.803556 0.455125 0.054222 0.049750
0 0.741556 0.506375 0.082222 0.029250
0 0.662222 0.516250 0.076444 0.038000
0 0.583333 0.460875 0.075111 0.043250
0 0.525111 0.519500 0.089333 0.046000
0 0.534889 0.554625 0.043111 0.032750
0 0.582889 0.559625 0.050222 0.036250
0 0.638667 0.581000 0.067556 0.048000
0 0.558667 0.589250 0.058667 0.034500
0 0.498222 0.603000 0.062222 0.045000
0 0.569778 0.615625 0.056000 0.026750
0 0.596444 0.638375 0.078222 0.046250
0 0.422222 0.666000 0.089778 0.043000
0 0.416889 0.581750 0.071111 0.040000
0 0.354889 0.616750 0.084889 0.037000
0 0.312667 0.643250 0.086667 0.023500
0 0.247111 0.665875 0.074667 0.051250
0 0.312000 0.681000 0.052444 0.046000
0 0.285333 0.706000 0.046222 0.037000
0 0.354444 0.720875 0.075111 0.048750
0 0.378222 0.765125 0.075556 0.041250
0 0.466222 0.703250 0.085333 0.024000
0 0.484222 0.728125 0.051111 0.042250
0 0.526889 0.676750 0.065333 0.046000
0 0.544222 0.714125 0.067111 0.030750
0 0.534667 0.753875 0.052444 0.042750
0 0.622222 0.781375 0.069333 0.040250
0 0.672444 0.756750 0.063111 0.027000
0 0.750667 0.773250 0.054222 0.048000
0 0.721111 0.744375 0.044889 0.030250
0 0.757778 0.725750 0.071111 0.048000
0 0.621556 0.891500 0.082222 0.034500
0 0.501111 0.905125 0.072444 0.043250
0 0.387333 0.905875 0.083111 0.041750
0 0.678889 0.548500 0.064444 0.036500
0 0.736889 0.558875 0.054222 0.045750
0 0.798667 0.575750 0.078222 0.044000
0 0.844889 0.521375 0.069333 0.044750
0 0.923778 0.548125 0.079556 0.039250
0 0.945111 0.593125 0.098222 0.042750
0 0.878889 0.022000 0.080444 0.029500
0 0.357333 0.182750 0.067556 0.055500
0 0.201556 0.486125 0.119556 0.044250
0 0.285556 0.420875 0.068000 0.046250
0 0.262444 0.370500 0.068000 0.045000
0 0.196889 0.261750 0.068444 0.043500
0 0.134667 0.205000 0.084444 0.053500
0 0.124000 0.268125 0.061333 0.031750
0 0.075556 0.267625 0.036444 0.029250
0 0.040889 0.265875 0.044444 0.035250
0 0.103333 0.293250 0.076000 0.023500
0 0.059778 0.319000 0.071556 0.040500
0 0.200000 0.412625 0.067556 0.041750
0 0.104222 0.405000 0.088444 0.030000
0 0.106444 0.445375 0.068889 0.048750
0 0.073111 0.511500 0.074222 0.041000
0 0.106667 0.641375 0.093333 0.036750
0 0.126444 0.667000 0.084000 0.029000
0 0.110000 0.695875 0.086667 0.027750
0 0.157111 0.724125 0.092889 0.043250
0 0.142222 0.817750 0.080889 0.025000
0 0.218444 0.832875 0.084000 0.034750
0 0.162000 0.855125 0.071556 0.035750
0 0.095556 0.842250 0.058667 0.027500
0 0.124000 0.872500 0.056000 0.036000
0 0.045333 0.866750 0.058667 0.039500
0 0.027556 0.414875 0.054222 0.032250
0 0.027778 0.375250 0.054667 0.032000
0 0.464667 0.397000 0.082222 0.040500
0 0.402222 0.353375 0.082667 0.039750
0 0.489556 0.330250 0.082222 0.027500
0 0.405556 0.323875 0.072444 0.021750
0 0.404222 0.298250 0.060000 0.036500
0 0.488000 0.299000 0.073778 0.033500
0 0.436444 0.276000 0.078222 0.023500
0 0.425333 0.250375 0.060444 0.031250
