0 0.121500 0.418444 0.035500 0.049333
0 0.192875 0.249111 0.028750 0.052889
0 0.226625 0.369778 0.030750 0.052444
0 0.257125 0.355556 0.030750 0.045333
0 0.274500 0.425333 0.030500 0.042667
0 0.363125 0.418222 0.034750 0.051556
0 0.392875 0.363333 0.034250 0.060889
0 0.428125 0.267778 0.036750 0.060889
0 0.571625 0.133111 0.050250 0.036000
0 0.635250 0.193333 0.037000 0.073778
0 0.602625 0.207778 0.028750 0.047556
0 0.584125 0.272444 0.033250 0.052444
0 0.622875 0.303778 0.033750 0.063556
0 0.535125 0.300889 0.034250 0.032000
0 0.549875 0.341333 0.032750 0.047111
0 0.576125 0.345778 0.020250 0.063111
0 0.582875 0.403333 0.028250 0.048444
0 0.608000 0.383333 0.023500 0.037778
0 0.614500 0.351333 0.033000 0.036889
0 0.628500 0.416000 0.031000 0.039111
0 0.671875 0.443778 0.025750 0.059111
0 0.614375 0.459778 0.025250 0.036889
0 0.638250 0.477333 0.026000 0.042667
0 0.653625 0.463556 0.016750 0.024889
0 0.647250 0.515333 0.025500 0.036000
0 0.614500 0.492889 0.029500 0.035556
0 0.582125 0.481556 0.026750 0.052889
0 0.596500 0.526000 0.032500 0.040444
0 0.631250 0.574222 0.024000 0.058667
0 0.656750 0.619111 0.018500 0.077333
0 0.677375 0.647333 0.019750 0.056444
0 0.692500 0.567111 0.028000 0.056889
0 0.727750 0.615333 0.033500 0.059111
0 0.759750 0.596000 0.031000 0.050667
0 0.698875 0.644222 0.021750 0.038667
0 0.720250 0.660667 0.023000 0.036000
0 0.691375 0.692000 0.033250 0.059556
0 0.729125 0.744667 0.032250 0.055556
0 0.674125 0.789556 0.025250 0.065333
0 0.691875 0.774667 0.019750 0.054222
0 0.711625 0.788000 0.020250 0.040000
0 0.798875 0.702444 0.023250 0.045778
0 0.815750 0.740444 0.026500 0.035556
0 0.793125 0.752444 0.018250 0.041778
0 0.832625 0.764667 0.032750 0.028889
0 0.812875 0.777556 0.027750 0.037778
0 0.823750 0.808444 0.033000 0.029333
0 0.698250 0.492000 0.032000 0.029333
0 0.722500 0.480000 0.021500 0.043556
0 0.750375 0.487333 0.031250 0.034222
0 0.732250 0.518889 0.028000 0.028889
0 0.718125 0.550667 0.023250 0.036444
0 0.770125 0.421111 0.031250 0.060000
0 0.840625 0.418444 0.027750 0.058222
0 0.849500 0.501778 0.031500 0.053333
0 0.750375 0.391333 0.017250 0.044889
0 0.726875 0.323111 0.038250 0.039111
0 0.763500 0.339778 0.034500 0.054667
0 0.743875 0.354000 0.018250 0.021778
0 0.543875 0.462889 0.031250 0.059111
0 0.455500 0.418444 0.029500 0.073333
0 0.475625 0.402222 0.026750 0.047111
0 0.494875 0.332222 0.031250 0.031556
0 0.515000 0.369111 0.026500 0.042222
0 0.543375 0.387778 0.035250 0.046667
0 0.506875 0.427556 0.020750 0.055111
0 0.521875 0.420222 0.015750 0.047556
0 0.495500 0.389556 0.018000 0.046667
0 0.500500 0.547333 0.030500 0.054667
0 0.450000 0.535111 0.025000 0.059556
0 0.424125 0.538000 0.022750 0.058222
0 0.391875 0.586444 0.026750 0.040444
0 0.410750 0.583778 0.020000 0.051111
0 0.432125 0.596444 0.021750 0.051556
0 0.448875 0.597556 0.016750 0.054667
0 0.468250 0.601333 0.027500 0.047111
0 0.330250 0.507111 0.024000 0.056000
0 0.247875 0.547556 0.030250 0.046222
0 0.271625 0.570222 0.027250 0.040000
0 0.300750 0.596667 0.034000 0.067111
0 0.299500 0.639333 0.033500 0.039556
0 0.345375 0.637333 0.031250 0.053333
0 0.266625 0.714000 0.028750 0.049333
0 0.261875 0.772667 0.025750 0.053778
0 0.365000 0.794222 0.034000 0.057778
0 0.403500 0.745778 0.031500 0.048000
0 0.417125 0.796000 0.022250 0.050667
0 0.433250 0.813111 0.012000 0.051111
0 0.414500 0.852000 0.027000 0.032889
0 0.453000 0.842000 0.028500 0.056444
0 0.493750 0.862667 0.023000 0.056000
0 0.485375 0.926000 0.028750 0.045778
0 0.517625 0.927556 0.029250 0.053333
0 0.523750 0.864667 0.025000 0.058222
0 0.539000 0.797556 0.033500 0.050222
0 0.509500 0.803111 0.023000 0.061333
0 0.481250 0.692444 0.032000 0.042667
0 0.518750 0.675333 0.030000 0.046667
0 0.514875 0.739778 0.032250 0.052000
0 0.568500 0.728000 0.027500 0.080000
0 0.585500 0.816000 0.027500 0.046222
0 0.851125 0.582889 0.023750 0.054667
