0 0.087111 0.139250 0.029333 0.025000
0 0.051111 0.164500 0.033778 0.032000
0 0.080444 0.175625 0.037333 0.021750
0 0.093556 0.157875 0.033333 0.015750
0 0.094889 0.194250 0.059111 0.019500
0 0.222000 0.163875 0.034222 0.032250
0 0.298222 0.185250 0.045333 0.035500
0 0.243111 0.210375 0.044444 0.026250
0 0.164444 0.249000 0.049778 0.032000
0 0.119111 0.271000 0.047111 0.034000
0 0.056667 0.280125 0.058222 0.015750
0 0.076889 0.306000 0.065778 0.023500
0 0.089778 0.330250 0.064889 0.023500
0 0.156889 0.315125 0.054222 0.026250
0 0.205111 0.312250 0.048444 0.032500
0 0.150222 0.355000 0.047111 0.027500
0 0.205778 0.380375 0.044444 0.033250
0 0.285333 0.375125 0.045333 0.028250
0 0.074444 0.414250 0.048444 0.018000
0 0.167111 0.416125 0.040889 0.030250
0 0.118889 0.369375 0.032444 0.021250
0 0.350889 0.342500 0.036000 0.028000
0 0.375111 0.318625 0.040000 0.028250
0 0.408667 0.295000 0.042222 0.030000
0 0.404667 0.270125 0.038667 0.021250
0 0.415778 0.234125 0.039556 0.017250
0 0.390889 0.216625 0.048444 0.020750
0 0.457333 0.196000 0.040000 0.022000
0 0.506444 0.209625 0.036000 0.029250
0 0.564000 0.174500 0.052444 0.023000
0 0.545556 0.207625 0.036000 0.033750
0 0.584222 0.218375 0.036000 0.023750
0 0.502000 0.248875 0.041333 0.032250
0 0.532667 0.278750 0.039556 0.030500
0 0.502000 0.293000 0.042222 0.030500
0 0.511333 0.313375 0.040444 0.018750
0 0.577333 0.327125 0.048889 0.029250
0 0.651778 0.333250 0.063556 0.032500
0 0.638000 0.275500 0.061778 0.029500
0 0.658889 0.252000 0.042222 0.018500
0 0.676000 0.230500 0.040889 0.022500
0 0.642000 0.395000 0.044000 0.026500
0 0.674667 0.419000 0.050667 0.027500
0 0.720667 0.477625 0.043111 0.036250
0 0.677111 0.485875 0.033333 0.033250
0 0.662444 0.511750 0.073333 0.017000
0 0.606444 0.522625 0.032444 0.013250
0 0.658667 0.544500 0.053333 0.021500
0 0.599556 0.565250 0.052444 0.025500
0 0.520222 0.567125 0.041333 0.030750
0 0.497556 0.535625 0.052000 0.020750
0 0.474667 0.513500 0.054222 0.022500
0 0.385111 0.543125 0.044889 0.024250
0 0.286000 0.563375 0.037778 0.022250
0 0.355778 0.538375 0.026222 0.023250
0 0.335778 0.519625 0.033333 0.020750
0 0.345333 0.487625 0.040000 0.026750
0 0.381111 0.441125 0.042222 0.027750
0 0.442222 0.422375 0.048000 0.025250
0 0.512889 0.400875 0.048000 0.031750
0 0.363556 0.387500 0.050667 0.026000
0 0.150444 0.458500 0.047556 0.020000
0 0.208889 0.445750 0.034667 0.027000
0 0.263111 0.443875 0.047111 0.018750
0 0.283111 0.460750 0.029333 0.025500
0 0.282222 0.487250 0.051556 0.021500
0 0.213111 0.525625 0.038667 0.030250
0 0.277333 0.506625 0.061333 0.018250
0 0.392444 0.574125 0.043556 0.022250
0 0.368222 0.586000 0.044889 0.019500
0 0.407111 0.606625 0.061333 0.020250
0 0.360889 0.602750 0.033778 0.017000
0 0.337778 0.639500 0.040889 0.026500
0 0.298889 0.663875 0.040444 0.026750
0 0.361556 0.665750 0.035111 0.025500
0 0.396222 0.654250 0.036889 0.027500
0 0.439111 0.631875 0.049778 0.028750
0 0.472222 0.612125 0.046667 0.026750
0 0.507111 0.634250 0.056889 0.018000
0 0.485333 0.659250 0.039111 0.030000
0 0.580000 0.663500 0.045333 0.022000
0 0.509556 0.691500 0.044000 0.033500
0 0.436444 0.687625 0.036444 0.020750
0 0.434444 0.704750 0.050222 0.015000
0 0.340889 0.744750 0.036444 0.034000
0 0.304444 0.707625 0.038222 0.025750
0 0.228889 0.702250 0.034667 0.025500
0 0.226444 0.658625 0.044889 0.018750
0 0.215556 0.679125 0.034667 0.019250
0 0.195778 0.642125 0.038667 0.019250
0 0.257778 0.635625 0.054222 0.025250
0 0.165778 0.672000 0.040000 0.026500
0 0.110667 0.652500 0.054222 0.019000
0 0.181556 0.704875 0.040444 0.020250
0 0.151111 0.720250 0.049778 0.014000
0 0.138667 0.733125 0.026667 0.014250
0 0.145111 0.748750 0.040444 0.018500
0 0.216444 0.749875 0.040000 0.016750
0 0.158222 0.772875 0.038222 0.028750
0 0.200889 0.786875 0.045333 0.024250
0 0.228222 0.769125 0.028000 0.020750
0 0.196667 0.809875 0.036889 0.019250
0 0.199778 0.829500 0.043111 0.024500
0 0.254667 0.820750 0.036444 0.028000
0 0.291556 0.857625 0.044444 0.020750
0 0.346444 0.821750 0.038667 0.028000
0 0.288444 0.788250 0.040000 0.021000
0 0.336444 0.785500 0.030222 0.026500
0 0.374667 0.774250 0.037333 0.019000
0 0.372444 0.794750 0.043556 0.021500
0 0.413556 0.772875 0.037778 0.027750
0 0.465111 0.771875 0.041333 0.026750
0 0.435556 0.809375 0.036444 0.018750
0 0.501111 0.805625 0.035111 0.027750
0 0.477556 0.816125 0.034222 0.023250
0 0.441556 0.830375 0.040444 0.016750
0 0.468444 0.742500 0.043556 0.024000
0 0.556222 0.776375 0.042222 0.020750
0 0.546889 0.752750 0.048444 0.019000
0 0.584667 0.749625 0.026222 0.020250
0 0.619778 0.750125 0.039556 0.019750
0 0.578000 0.710375 0.053778 0.022250
0 0.552889 0.731875 0.044444 0.019250
0 0.525111 0.720750 0.038667 0.021500
0 0.722889 0.738250 0.033333 0.031000
0 0.708222 0.765000 0.040444 0.030000
0 0.667778 0.767875 0.039556 0.027750
0 0.625111 0.775000 0.046667 0.020000
0 0.622889 0.797000 0.034222 0.023500
0 0.628667 0.825375 0.044000 0.027750
0 0.720667 0.652750 0.042222 0.020000
0 0.672222 0.651000 0.048444 0.015000
0 0.670889 0.666500 0.034222 0.017500
0 0.595111 0.600000 0.057778 0.020500
0 0.106222 0.566375 0.045333 0.021250
0 0.143778 0.544375 0.046667 0.018750
0 0.136222 0.520500 0.049333 0.028000
0 0.121556 0.492250 0.049333 0.018500
0 0.096000 0.508750 0.034667 0.023000
0 0.085111 0.481875 0.040444 0.017750
0 0.272889 0.129375 0.049778 0.020250
0 0.256444 0.144625 0.048889 0.014750
0 0.316889 0.136875 0.043556 0.027750
0 0.359111 0.140375 0.045333 0.027250
0 0.404222 0.134375 0.032444 0.019750
0 0.595778 0.125250 0.056444 0.017500
0 0.630667 0.139125 0.046222 0.019250
0 0.706000 0.157000 0.057333 0.023000
0 0.519333 0.485500 0.036000 0.026000
0 0.486667 0.482125 0.037333 0.021750
0 0.271778 0.284875 0.049333 0.028750
0 0.237333 0.263000 0.048000 0.023500
0 0.294000 0.244750 0.042222 0.028000
0 0.470222 0.838875 0.034667 0.018750
