0 0.037333 0.079375 0.050667 0.032750
0 0.042222 0.102750 0.039111 0.014500
0 0.221556 0.111125 0.062667 0.040250
0 0.260000 0.088375 0.063111 0.022250
0 0.283111 0.069000 0.061333 0.026500
0 0.342667 0.080375 0.056000 0.040750
0 0.407111 0.085875 0.062222 0.041750
0 0.718889 0.073750 0.076889 0.022000
0 0.762667 0.095000 0.062222 0.027500
0 0.869111 0.118750 0.063556 0.033500
0 0.828889 0.215500 0.054222 0.027000
0 0.807778 0.243250 0.057333 0.026000
0 0.774222 0.274500 0.081778 0.037500
0 0.675556 0.138875 0.072889 0.033750
0 0.651333 0.179750 0.042222 0.044500
0 0.600222 0.182625 0.051111 0.044750
0 0.532444 0.161875 0.045333 0.022250
0 0.435556 0.189375 0.065778 0.027250
0 0.588889 0.233000 0.053333 0.050000
0 0.322889 0.143875 0.049333 0.048250
0 0.309333 0.224250 0.061333 0.028000
0 0.239778 0.176250 0.053778 0.034000
0 0.126222 0.229500 0.064000 0.036500
0 0.068667 0.254375 0.060000 0.040750
0 0.130444 0.322000 0.060889 0.029000
0 0.187111 0.311000 0.069333 0.040500
0 0.276222 0.277750 0.053778 0.039000
0 0.284000 0.402125 0.057778 0.027250
0 0.381111 0.356250 0.050222 0.032000
0 0.418889 0.328750 0.056444 0.035000
0 0.393333 0.418750 0.064889 0.040000
0 0.493333 0.464125 0.060444 0.029750
0 0.590889 0.441875 0.066222 0.038250
0 0.766889 0.432500 0.054667 0.030500
0 0.788222 0.353375 0.082222 0.043750
0 0.688667 0.344000 0.066222 0.039000
0 0.634889 0.276875 0.051111 0.043250
0 0.589778 0.294000 0.056889 0.045000
0 0.813333 0.463250 0.075556 0.025500
0 0.868000 0.545750 0.058667 0.039500
0 0.808889 0.556000 0.037333 0.047500
0 0.792222 0.590000 0.091111 0.026000
0 0.710000 0.602500 0.048444 0.024500
0 0.563333 0.621500 0.070667 0.028500
0 0.536444 0.593875 0.072889 0.023750
0 0.599556 0.553625 0.053333 0.039250
0 0.551111 0.550125 0.047111 0.028250
0 0.412000 0.492500 0.056000 0.037000
0 0.365333 0.554625 0.055111 0.044250
0 0.346444 0.593250 0.044000 0.028000
0 0.417556 0.627750 0.073333 0.027500
0 0.376000 0.627625 0.034667 0.040750
0 0.100444 0.372125 0.064889 0.036250
0 0.181333 0.405500 0.052444 0.034500
0 0.128000 0.452875 0.053333 0.040750
0 0.178667 0.494000 0.051556 0.034000
0 0.244667 0.497250 0.039556 0.028500
0 0.285111 0.520750 0.052000 0.034000
0 0.778000 0.634625 0.073333 0.028250
0 0.694000 0.662375 0.071556 0.037750
0 0.586444 0.660375 0.056444 0.037750
0 0.688000 0.703250 0.070222 0.026500
0 0.280222 0.651750 0.051111 0.035500
0 0.190222 0.605125 0.048889 0.035250
0 0.076222 0.590875 0.069778 0.027750
0 0.280889 0.551000 0.078222 0.025000
0 0.271556 0.577000 0.060444 0.025500
0 0.102444 0.511625 0.064444 0.027250
0 0.064222 0.556375 0.069778 0.023250
0 0.087333 0.626125 0.064444 0.023750
0 0.034667 0.659375 0.053333 0.044750
0 0.254444 0.677000 0.036889 0.021000
0 0.211778 0.698875 0.050222 0.023750
0 0.235556 0.743250 0.072889 0.028500
0 0.154889 0.752375 0.050222 0.027250
0 0.038444 0.761750 0.059111 0.020000
0 0.113556 0.789625 0.046667 0.037750
0 0.202000 0.777875 0.043111 0.026750
0 0.291333 0.782625 0.061778 0.040250
0 0.195556 0.822750 0.046222 0.050000
0 0.132667 0.838500 0.060000 0.049500
0 0.090000 0.847000 0.048444 0.025500
0 0.086000 0.878125 0.053778 0.021750
0 0.104667 0.907000 0.046667 0.035000
0 0.178889 0.880500 0.062667 0.026000
0 0.196222 0.904750 0.049333 0.026500
0 0.271111 0.926375 0.057778 0.028750
0 0.221111 0.964375 0.054667 0.034750
0 0.123333 0.992000 0.040444 0.016000
0 0.338222 0.965000 0.048889 0.036500
0 0.338000 0.878250 0.050222 0.050000
0 0.296000 0.832875 0.054222 0.035750
0 0.434667 0.910125 0.048000 0.041250
0 0.333556 0.925375 0.040444 0.038250
0 0.496889 0.913500 0.052444 0.038000
0 0.505556 0.876750 0.061778 0.032500
0 0.466889 0.817875 0.054667 0.038250
0 0.560667 0.819500 0.052000 0.045000
0 0.372444 0.785875 0.048889 0.039750
0 0.420667 0.771000 0.050222 0.036500
0 0.347333 0.752375 0.061778 0.026750
0 0.433778 0.708625 0.077333 0.029750
0 0.421556 0.665250 0.053778 0.030000
0 0.394000 0.683250 0.076889 0.025000
0 0.477778 0.742500 0.074667 0.043000
0 0.517556 0.721000 0.049333 0.041000
0 0.564889 0.744000 0.072000 0.024000
0 0.538000 0.778000 0.056444 0.041000
0 0.664667 0.785750 0.065333 0.025000
0 0.652444 0.839875 0.065778 0.026750
0 0.611556 0.888125 0.080000 0.025250
0 0.652889 0.884500 0.036444 0.025000
0 0.697778 0.887000 0.054222 0.026500
0 0.619111 0.917750 0.062222 0.025000
0 0.575778 0.852875 0.044889 0.018250
0 0.623556 0.864500 0.048889 0.022500
0 0.455778 0.951250 0.058222 0.028000
0 0.545111 0.953375 0.047556 0.040750
0 0.509778 0.957625 0.046222 0.031250
0 0.378444 0.932750 0.062667 0.024000
0 0.699778 0.973250 0.056444 0.035000
0 0.711333 0.915750 0.044000 0.022000
0 0.693333 0.938750 0.046222 0.026500
0 0.758667 0.910250 0.049778 0.035000
0 0.803556 0.908750 0.044444 0.041500
0 0.836222 0.875750 0.041333 0.041000
0 0.842889 0.771125 0.054667 0.029250
0 0.625556 0.332375 0.036889 0.029750
0 0.460889 0.262750 0.041778 0.031000
