0 0.651778 0.079000 0.052889 0.033000
0 0.825333 0.153500 0.059556 0.025000
0 0.695778 0.183500 0.057333 0.027000
0 0.710889 0.214125 0.042222 0.026250
0 0.635556 0.235875 0.048000 0.034750
0 0.506444 0.201000 0.047556 0.030000
0 0.486222 0.225375 0.037333 0.024750
0 0.460000 0.255125 0.063111 0.034750
0 0.407556 0.250000 0.040889 0.030000
0 0.407333 0.301375 0.055556 0.033250
0 0.549333 0.289250 0.054222 0.022500
0 0.646222 0.324500 0.053333 0.034500
0 0.699556 0.357375 0.063111 0.034750
0 0.800667 0.395750 0.061778 0.036000
0 0.637333 0.420000 0.078222 0.020500
0 0.660889 0.442625 0.054222 0.030750
0 0.724444 0.464000 0.055111 0.031000
0 0.626000 0.475500 0.061778 0.014000
0 0.637333 0.492750 0.045333 0.015500
0 0.668667 0.515875 0.049333 0.030750
0 0.686000 0.487875 0.040444 0.029250
0 0.760889 0.509500 0.040000 0.034000
0 0.717778 0.524750 0.047111 0.025500
0 0.711778 0.552500 0.067111 0.016500
0 0.789778 0.560625 0.054222 0.034250
0 0.646889 0.558875 0.062667 0.029250
0 0.586889 0.516375 0.065333 0.034250
0 0.564889 0.558500 0.062222 0.029500
0 0.522667 0.571500 0.043556 0.028500
0 0.553778 0.587875 0.030222 0.027750
0 0.635556 0.608375 0.038222 0.035250
0 0.669333 0.587000 0.032889 0.025000
0 0.704444 0.591500 0.040889 0.032500
0 0.756889 0.603250 0.061333 0.034500
0 0.872667 0.618000 0.083111 0.030500
0 0.851778 0.583625 0.062667 0.030750
0 0.944444 0.552250 0.034667 0.054000
0 0.465778 0.609625 0.059556 0.027750
0 0.527333 0.625625 0.043111 0.032250
0 0.575556 0.624500 0.038222 0.042000
0 0.611778 0.650875 0.036000 0.034750
0 0.540667 0.679250 0.046667 0.032500
0 0.561333 0.708125 0.048889 0.023750
0 0.516889 0.715250 0.033778 0.026000
0 0.501778 0.696375 0.061333 0.013750
0 0.471333 0.675250 0.057333 0.025500
0 0.418000 0.711250 0.060000 0.034000
0 0.436667 0.744125 0.055556 0.031750
0 0.378000 0.697125 0.049333 0.035750
0 0.339333 0.666625 0.064444 0.033750
0 0.386667 0.653625 0.055111 0.021750
0 0.418889 0.636875 0.084889 0.026750
0 0.278889 0.710000 0.065333 0.034500
0 0.234000 0.650250 0.068000 0.023000
0 0.253333 0.671750 0.047111 0.024000
0 0.240222 0.690625 0.050222 0.014750
0 0.619778 0.836250 0.066222 0.022500
0 0.536667 0.842125 0.058222 0.031250
0 0.451111 0.840375 0.056889 0.023750
0 0.616889 0.756125 0.046222 0.035750
0 0.658222 0.739375 0.046222 0.018250
0 0.729556 0.716875 0.058222 0.040750
0 0.713333 0.753875 0.051556 0.031750
0 0.554000 0.735625 0.052000 0.034250
0 0.207556 0.557875 0.051556 0.032750
0 0.301333 0.539625 0.084444 0.031250
0 0.228222 0.508375 0.049333 0.041250
0 0.295333 0.483250 0.052889 0.036000
0 0.361778 0.486000 0.048889 0.032500
0 0.341333 0.448875 0.051556 0.035750
0 0.226000 0.475625 0.068000 0.018750
0 0.159556 0.489000 0.063111 0.030000
0 0.088222 0.483750 0.052889 0.034000
0 0.182667 0.414875 0.051556 0.031250
0 0.160444 0.457875 0.060444 0.025750
0 0.291333 0.362500 0.060000 0.034500
0 0.171333 0.373250 0.038667 0.027500
0 0.238000 0.375875 0.053778 0.019250
0 0.200222 0.372375 0.036889 0.025750
0 0.216667 0.392750 0.058222 0.014500
0 0.238889 0.321375 0.061778 0.038250
0 0.330222 0.213500 0.048889 0.036000
0 0.262667 0.210750 0.056889 0.024500
0 0.499778 0.468500 0.054667 0.028000
0 0.514667 0.415500 0.065778 0.020000
0 0.512444 0.386125 0.058667 0.023750
0 0.459333 0.350750 0.040444 0.023000
0 0.481333 0.370000 0.064889 0.013000
0 0.448222 0.393625 0.041333 0.027750
0 0.449333 0.413875 0.057778 0.015250
0 0.449111 0.430625 0.059111 0.026250
