0 0.594889 0.836250 0.076889 0.030500
0 0.510444 0.848000 0.064444 0.029500
0 0.428222 0.842000 0.056444 0.022000
0 0.191778 0.803500 0.040444 0.035000
0 0.307778 0.785875 0.055556 0.026250
0 0.252667 0.777000 0.050222 0.020500
0 0.264000 0.803500 0.039111 0.029000
0 0.258667 0.711875 0.066667 0.033250
0 0.218222 0.690000 0.050667 0.015500
0 0.227556 0.671875 0.048889 0.023250
0 0.208667 0.650875 0.065333 0.017250
0 0.307333 0.671500 0.054667 0.033500
0 0.350444 0.700625 0.054667 0.026250
0 0.393778 0.713125 0.064000 0.032750
0 0.410222 0.747250 0.052444 0.032000
0 0.361556 0.657125 0.055556 0.022750
0 0.390000 0.638250 0.079556 0.022000
0 0.435111 0.613250 0.056889 0.023000
0 0.489778 0.574500 0.038222 0.026500
0 0.530444 0.561125 0.056444 0.028750
0 0.521556 0.592375 0.033333 0.028750
0 0.561556 0.594000 0.041333 0.028500
0 0.176000 0.561625 0.059556 0.034250
0 0.272667 0.545375 0.085778 0.037750
0 0.196889 0.510625 0.056889 0.036750
0 0.131333 0.493875 0.063556 0.028250
0 0.063333 0.489000 0.060889 0.035000
0 0.194444 0.481750 0.063556 0.020500
0 0.263111 0.487500 0.054222 0.037000
0 0.328000 0.488375 0.048889 0.033750
0 0.307333 0.451375 0.050222 0.036250
0 0.149111 0.417625 0.053778 0.032250
0 0.131333 0.461250 0.058222 0.025000
0 0.091778 0.448000 0.038667 0.028000
0 0.065333 0.454375 0.036444 0.020750
0 0.251333 0.364500 0.060000 0.036500
0 0.201778 0.324250 0.059556 0.040000
0 0.137556 0.378375 0.039556 0.027750
0 0.164000 0.373750 0.035556 0.022000
0 0.199778 0.380875 0.043111 0.025750
0 0.181778 0.398125 0.050667 0.020250
0 0.371556 0.302625 0.049778 0.039250
0 0.514889 0.286500 0.059111 0.026000
0 0.367556 0.248500 0.040889 0.034500
0 0.420444 0.253375 0.065778 0.035750
0 0.474000 0.192125 0.049333 0.033250
0 0.444222 0.220125 0.038667 0.029750
0 0.288889 0.213500 0.046222 0.032000
0 0.222444 0.208750 0.059111 0.026500
0 0.616667 0.062250 0.048444 0.036500
0 0.801111 0.139500 0.057333 0.028000
0 0.668667 0.174750 0.060889 0.030000
0 0.679111 0.207375 0.050667 0.031250
0 0.606444 0.226750 0.055556 0.030000
0 0.610222 0.320625 0.060444 0.035750
0 0.670000 0.353125 0.058222 0.036250
0 0.775556 0.393000 0.059556 0.035500
0 0.608667 0.418625 0.079556 0.025250
0 0.625556 0.445125 0.058222 0.024750
0 0.694222 0.464250 0.059556 0.035000
0 0.663556 0.488250 0.047111 0.028500
0 0.638889 0.464750 0.058222 0.016500
0 0.596889 0.478125 0.062222 0.013750
0 0.602444 0.495500 0.052000 0.016500
0 0.639333 0.518375 0.052000 0.034250
0 0.692222 0.528125 0.052000 0.030250
0 0.735778 0.512375 0.043111 0.036750
0 0.557111 0.518250 0.058222 0.034000
0 0.466667 0.470500 0.061333 0.030500
0 0.425333 0.352250 0.042667 0.026500
0 0.478667 0.386125 0.064889 0.023750
0 0.496889 0.630000 0.042667 0.032500
0 0.549111 0.637625 0.039556 0.019250
0 0.543778 0.618500 0.044889 0.024000
0 0.584667 0.653375 0.035111 0.035250
0 0.443556 0.678750 0.057778 0.027500
0 0.517333 0.685500 0.048889 0.036500
0 0.532444 0.712250 0.052444 0.020500
0 0.474889 0.701375 0.063556 0.017250
0 0.496000 0.723750 0.046222 0.034500
0 0.530222 0.740375 0.033778 0.034750
0 0.592222 0.761375 0.050222 0.034750
0 0.631333 0.744500 0.047556 0.021500
0 0.692444 0.760750 0.054222 0.034000
0 0.670444 0.737375 0.021778 0.021750
0 0.704222 0.722000 0.057333 0.042000
0 0.604889 0.611875 0.045333 0.033750
0 0.641111 0.589000 0.039556 0.027500
0 0.677111 0.595000 0.038667 0.035500
0 0.731333 0.606000 0.068000 0.039000
0 0.764222 0.564250 0.047556 0.035500
0 0.833111 0.585125 0.059111 0.030250
0 0.855333 0.622750 0.080444 0.034000
0 0.922444 0.552125 0.042222 0.057250
0 0.480444 0.415500 0.064000 0.022000
0 0.413556 0.395375 0.043111 0.025250
0 0.443333 0.370500 0.069778 0.017500
0 0.416889 0.415375 0.056889 0.017250
0 0.414667 0.434625 0.057778 0.030250
