0 0.647778 0.126125 0.051111 0.032750
0 0.814222 0.204250 0.054222 0.027500
0 0.690889 0.232375 0.055556 0.027250
0 0.706444 0.262375 0.052000 0.027250
0 0.633111 0.280625 0.048444 0.030250
0 0.504889 0.244750 0.056000 0.027000
0 0.482444 0.269375 0.054667 0.025750
0 0.459333 0.296500 0.060889 0.030500
0 0.408222 0.290375 0.042222 0.027250
0 0.546444 0.330750 0.052889 0.023500
0 0.640222 0.367375 0.053778 0.032750
0 0.691778 0.399125 0.054667 0.032750
0 0.787333 0.438375 0.060000 0.035750
0 0.631111 0.457500 0.073778 0.021000
0 0.645333 0.480250 0.049778 0.026000
0 0.711333 0.502250 0.052889 0.037000
0 0.576000 0.551750 0.067556 0.036000
0 0.615111 0.514625 0.060444 0.014750
0 0.744222 0.547500 0.038667 0.035500
0 0.700667 0.559750 0.051111 0.026500
0 0.653556 0.550875 0.050222 0.030250
0 0.695778 0.588250 0.058222 0.020500
0 0.768444 0.595875 0.050667 0.033750
0 0.829333 0.618125 0.053333 0.029250
0 0.907778 0.585500 0.044000 0.051500
0 0.847778 0.649000 0.076000 0.029500
0 0.739778 0.635875 0.061778 0.031750
0 0.687556 0.624125 0.040889 0.030750
0 0.634444 0.594375 0.052889 0.027750
0 0.653556 0.620625 0.037778 0.025750
0 0.620444 0.641000 0.043556 0.031500
0 0.596889 0.682000 0.036444 0.030500
0 0.518000 0.657625 0.040444 0.029750
0 0.560667 0.666250 0.041333 0.018000
0 0.516444 0.602125 0.029333 0.025750
0 0.547778 0.592375 0.040444 0.028750
0 0.454667 0.643125 0.058667 0.026750
0 0.410667 0.667500 0.078222 0.022000
0 0.382222 0.685375 0.059556 0.018750
0 0.456889 0.707875 0.062222 0.018750
0 0.403111 0.741750 0.058667 0.031000
0 0.420444 0.772250 0.054222 0.026500
0 0.527556 0.713500 0.048000 0.028500
0 0.545333 0.737500 0.053333 0.022000
0 0.488000 0.729750 0.061333 0.020000
0 0.501333 0.744625 0.039111 0.025750
0 0.376000 0.712750 0.041778 0.019500
0 0.358667 0.734250 0.031111 0.028000
0 0.325778 0.697625 0.059556 0.032250
0 0.228667 0.683000 0.064444 0.021500
0 0.241778 0.700875 0.048000 0.029250
0 0.233111 0.723500 0.051111 0.020000
0 0.264222 0.742125 0.065333 0.033250
0 0.257111 0.807500 0.059111 0.017500
0 0.492889 0.504375 0.052444 0.026750
0 0.457778 0.390375 0.040889 0.021750
0 0.509556 0.425375 0.057333 0.023750
0 0.474667 0.410000 0.079111 0.015500
0 0.448667 0.431000 0.039556 0.023000
0 0.442444 0.449750 0.055556 0.017000
0 0.509778 0.453250 0.061333 0.022000
0 0.443778 0.468125 0.054667 0.023750
0 0.338667 0.482625 0.052444 0.033750
0 0.354222 0.518375 0.053333 0.031250
0 0.290000 0.517875 0.051111 0.031750
0 0.218889 0.509500 0.067111 0.020500
0 0.153778 0.521000 0.057778 0.028500
0 0.226000 0.538750 0.058222 0.032000
0 0.297333 0.573125 0.087111 0.029750
0 0.199556 0.588625 0.056000 0.030250
0 0.085556 0.516250 0.059111 0.034000
0 0.183778 0.449125 0.044889 0.033250
0 0.159111 0.489375 0.052444 0.025750
0 0.294222 0.399750 0.048889 0.035000
0 0.241333 0.356875 0.058667 0.037250
0 0.175111 0.407000 0.039111 0.023500
0 0.203556 0.406500 0.032889 0.021500
0 0.237778 0.412375 0.035556 0.022750
0 0.408222 0.341875 0.054667 0.032750
0 0.333556 0.257625 0.047556 0.026750
0 0.268222 0.249000 0.058222 0.025000
