0 0.757556 0.188125 0.046667 0.036250
0 0.912667 0.273625 0.062667 0.030750
0 0.786222 0.300750 0.056000 0.028500
0 0.796222 0.329375 0.048444 0.023250
0 0.721333 0.346000 0.043556 0.030000
0 0.602000 0.305750 0.050222 0.028000
0 0.571556 0.329125 0.043556 0.028750
0 0.555556 0.359000 0.049778 0.036000
0 0.508000 0.352000 0.048000 0.034500
0 0.430222 0.309000 0.051556 0.036000
0 0.368889 0.305500 0.055111 0.027000
0 0.629778 0.397125 0.054222 0.031750
0 0.715556 0.429000 0.055111 0.029500
0 0.758444 0.461500 0.052889 0.033500
0 0.541111 0.450875 0.048444 0.026750
0 0.494444 0.401875 0.059111 0.030250
0 0.333333 0.415000 0.062222 0.036000
0 0.382000 0.454750 0.052889 0.033000
0 0.278222 0.500000 0.040889 0.027500
0 0.262889 0.464000 0.033333 0.025000
0 0.294444 0.462375 0.030667 0.023750
0 0.327556 0.468125 0.035556 0.025750
0 0.248444 0.540000 0.048000 0.025000
0 0.179556 0.526375 0.040889 0.026750
0 0.212667 0.525750 0.025333 0.029000
0 0.176667 0.561250 0.046667 0.029500
0 0.240222 0.569125 0.063556 0.024750
0 0.302889 0.560000 0.056444 0.021500
0 0.305778 0.586000 0.048000 0.032500
0 0.369556 0.568000 0.052000 0.033000
0 0.423111 0.536375 0.053333 0.034750
0 0.430667 0.571000 0.041778 0.031000
0 0.373333 0.617125 0.077333 0.028250
0 0.284889 0.630750 0.052444 0.031500
0 0.844222 0.502250 0.052000 0.033500
0 0.587778 0.485125 0.050222 0.025750
0 0.519556 0.489000 0.040889 0.027500
0 0.550889 0.482750 0.028889 0.027500
0 0.582667 0.510875 0.056000 0.021750
0 0.525556 0.507250 0.050222 0.018000
0 0.520444 0.525000 0.058667 0.023500
0 0.563111 0.557750 0.051556 0.029000
0 0.696444 0.517875 0.062222 0.024750
0 0.706667 0.542000 0.054222 0.021000
0 0.786667 0.599375 0.032889 0.031750
0 0.763333 0.562375 0.053778 0.033750
0 0.718222 0.562000 0.040889 0.020000
0 0.679111 0.568000 0.049778 0.021000
0 0.686444 0.581375 0.046667 0.017750
0 0.700889 0.601500 0.043556 0.027500
0 0.747556 0.609750 0.047111 0.028000
0 0.634444 0.603375 0.051111 0.029250
0 0.684889 0.641750 0.052444 0.025500
0 0.736222 0.635250 0.052889 0.018500
0 0.803778 0.644500 0.049333 0.031000
0 0.858667 0.661125 0.046222 0.021750
0 0.940000 0.642250 0.064889 0.027500
0 0.859778 0.689875 0.065333 0.028750
0 0.765556 0.679625 0.056444 0.030750
0 0.726222 0.668500 0.040000 0.028000
0 0.684889 0.660500 0.046222 0.023500
0 0.661778 0.679125 0.040889 0.027250
0 0.604444 0.638000 0.048889 0.026500
0 0.572222 0.647750 0.022667 0.026000
0 0.592667 0.664125 0.028889 0.027250
0 0.621333 0.667375 0.041778 0.026250
0 0.604667 0.688750 0.028889 0.023500
0 0.610889 0.701375 0.041333 0.015750
0 0.568444 0.694250 0.038222 0.032500
0 0.515333 0.681250 0.049333 0.026500
0 0.626000 0.715125 0.052889 0.025250
0 0.473333 0.701250 0.040000 0.022000
0 0.440222 0.715625 0.049333 0.018250
0 0.396667 0.728625 0.046667 0.036250
0 0.435333 0.738000 0.039556 0.023500
0 0.429778 0.756375 0.038222 0.024250
0 0.467111 0.762250 0.055111 0.024500
0 0.479778 0.785125 0.052000 0.027250
0 0.512889 0.733250 0.047111 0.027000
0 0.574444 0.739875 0.044889 0.032250
0 0.585111 0.760875 0.051111 0.020750
0 0.533333 0.752875 0.054222 0.018250
0 0.544444 0.769250 0.032889 0.025000
0 0.575778 0.780000 0.036000 0.022500
0 0.626667 0.797875 0.048889 0.031750
0 0.658889 0.782125 0.041333 0.019750
0 0.706889 0.792500 0.034222 0.027500
0 0.691111 0.776125 0.024889 0.018250
0 0.725778 0.766625 0.058667 0.029750
0 0.613778 0.853625 0.056889 0.019750
0 0.538667 0.859500 0.040000 0.024000
0 0.472889 0.867625 0.056000 0.031250
0 0.335111 0.765875 0.052444 0.027250
0 0.323778 0.817000 0.051111 0.020000
0 0.330000 0.834250 0.036000 0.019000
0 0.308222 0.847375 0.033333 0.022250
0 0.290889 0.832625 0.036000 0.014750
0 0.260889 0.842750 0.036444 0.028500
0 0.369556 0.823750 0.057333 0.018000
0 0.305333 0.712375 0.061333 0.018750
0 0.316444 0.731875 0.048000 0.019750
0 0.303111 0.746750 0.052444 0.016500
