0 0.602889 0.188000 0.044889 0.030000
0 0.746000 0.252000 0.045778 0.024500
0 0.638222 0.280000 0.046222 0.026000
0 0.651778 0.304750 0.039556 0.023000
0 0.590889 0.322125 0.042222 0.027250
0 0.482889 0.292500 0.046667 0.023000
0 0.465556 0.316125 0.042222 0.025250
0 0.447556 0.340000 0.056000 0.028000
0 0.402889 0.337500 0.035111 0.028500
0 0.342000 0.309125 0.039556 0.026250
0 0.288000 0.304750 0.048000 0.019500
0 0.520222 0.366125 0.044000 0.020250
0 0.597111 0.394375 0.045778 0.025250
0 0.642444 0.420875 0.049333 0.026250
0 0.722889 0.453125 0.048444 0.031250
0 0.592000 0.472000 0.062222 0.019000
0 0.611556 0.491000 0.040000 0.021500
0 0.662444 0.508875 0.041333 0.027250
0 0.619778 0.508750 0.048444 0.013000
0 0.636444 0.527750 0.033778 0.019500
0 0.587333 0.518375 0.051111 0.013250
0 0.590889 0.531750 0.043111 0.012000
0 0.616444 0.547875 0.032889 0.022750
0 0.660000 0.555250 0.040000 0.023500
0 0.694222 0.544125 0.030222 0.027750
0 0.655778 0.579500 0.050222 0.017500
0 0.604444 0.583000 0.044444 0.023000
0 0.716444 0.584500 0.038222 0.029500
0 0.622222 0.606375 0.024000 0.021750
0 0.590889 0.620750 0.038667 0.026000
0 0.648000 0.608500 0.027556 0.027500
0 0.690222 0.616000 0.054222 0.029000
0 0.784000 0.628500 0.062222 0.027500
0 0.766889 0.600875 0.049333 0.023750
0 0.838000 0.573250 0.029778 0.041500
0 0.407333 0.378000 0.045778 0.028500
0 0.272000 0.396500 0.054222 0.031500
0 0.312222 0.427000 0.040444 0.029500
0 0.451333 0.418750 0.034222 0.022500
0 0.220667 0.436500 0.028000 0.021500
0 0.241778 0.434375 0.029333 0.022250
0 0.272222 0.438375 0.038667 0.018750
0 0.256667 0.451500 0.044000 0.014000
0 0.230222 0.469125 0.047111 0.024750
0 0.214000 0.504250 0.047556 0.021500
0 0.158222 0.495625 0.034667 0.022750
0 0.184667 0.492625 0.027111 0.021750
0 0.157333 0.524125 0.045333 0.028750
0 0.212222 0.529250 0.051111 0.027000
0 0.263111 0.518625 0.053333 0.021750
0 0.266889 0.543375 0.041333 0.026750
0 0.252222 0.583875 0.044000 0.027750
0 0.325111 0.569125 0.070667 0.024750
0 0.318222 0.525250 0.043556 0.029500
0 0.356222 0.495625 0.039556 0.028250
0 0.374444 0.525750 0.036889 0.027500
0 0.494667 0.446250 0.050667 0.020500
0 0.465778 0.434250 0.061333 0.012500
0 0.442000 0.452875 0.034222 0.021250
0 0.441111 0.468250 0.047556 0.012000
0 0.442889 0.483000 0.048444 0.022000
0 0.494222 0.468000 0.053333 0.019000
0 0.483778 0.512000 0.048444 0.023500
0 0.554444 0.549625 0.049333 0.028250
0 0.537778 0.582875 0.046222 0.022250
0 0.501333 0.595250 0.030222 0.026000
0 0.526222 0.606250 0.024889 0.024500
0 0.557111 0.608750 0.035111 0.023000
0 0.540889 0.630000 0.032000 0.022500
0 0.555333 0.643750 0.021778 0.012500
0 0.573111 0.657375 0.034222 0.023750
0 0.507556 0.637000 0.034667 0.027000
0 0.457556 0.623625 0.046667 0.019750
0 0.423556 0.645250 0.069333 0.018500
0 0.396222 0.661625 0.049333 0.017250
0 0.356444 0.672000 0.048000 0.029500
0 0.397778 0.679125 0.035556 0.018250
0 0.388444 0.697875 0.045333 0.021750
0 0.420444 0.704625 0.050667 0.028750
0 0.438889 0.731250 0.043111 0.025500
0 0.463556 0.677625 0.046222 0.020750
0 0.522667 0.681000 0.039111 0.027500
0 0.538222 0.701500 0.039111 0.020500
0 0.488444 0.694125 0.049778 0.011750
0 0.508444 0.711125 0.037333 0.026750
0 0.532444 0.725500 0.030222 0.025500
0 0.584444 0.741375 0.040889 0.025250
0 0.610667 0.724500 0.043556 0.016500
0 0.659778 0.737250 0.044889 0.027000
0 0.668444 0.708625 0.047111 0.030250
0 0.275556 0.658625 0.050667 0.016750
0 0.290667 0.674500 0.038222 0.019000
0 0.280667 0.690500 0.043111 0.015000
0 0.307333 0.706750 0.053778 0.029500
0 0.302222 0.760875 0.037333 0.017750
0 0.344667 0.769000 0.044000 0.018500
0 0.252222 0.788375 0.031556 0.025250
0 0.280000 0.776500 0.034667 0.016500
0 0.298222 0.791000 0.034667 0.022500
0 0.313778 0.779000 0.034667 0.019500
0 0.448444 0.810375 0.048889 0.017250
0 0.517556 0.811500 0.047556 0.024500
0 0.584889 0.804500 0.054222 0.018500
