0 0.145125 0.399333 0.033750 0.045778
0 0.224500 0.242444 0.025500 0.052000
0 0.449625 0.285556 0.033250 0.052000
0 0.547500 0.328222 0.030000 0.033333
0 0.610625 0.252667 0.024750 0.049333
0 0.585000 0.177333 0.047000 0.037333
0 0.638250 0.237556 0.030000 0.067111
0 0.591250 0.303556 0.028000 0.046222
0 0.627000 0.334222 0.031000 0.050667
0 0.585375 0.371333 0.023250 0.052000
0 0.617500 0.379111 0.033000 0.032889
0 0.255500 0.362444 0.028500 0.047556
0 0.284875 0.353111 0.027750 0.045778
0 0.299375 0.417111 0.028750 0.034222
0 0.350125 0.502667 0.027750 0.049778
0 0.384000 0.418000 0.034000 0.051111
0 0.413125 0.373111 0.029750 0.054667
0 0.469125 0.428222 0.029750 0.070667
0 0.491625 0.414444 0.019250 0.046667
0 0.559750 0.364000 0.027000 0.048889
0 0.508125 0.354889 0.029250 0.040444
0 0.509000 0.399111 0.017500 0.045333
0 0.527500 0.385778 0.024000 0.040000
0 0.548750 0.413333 0.031500 0.041778
0 0.519500 0.440444 0.016000 0.048000
0 0.550500 0.477111 0.029000 0.051111
0 0.589625 0.427778 0.024750 0.057333
0 0.612375 0.406222 0.024250 0.029333
0 0.629125 0.442222 0.029250 0.047111
0 0.719000 0.362444 0.034500 0.039556
0 0.750250 0.382667 0.026000 0.044444
0 0.736625 0.428667 0.013750 0.046667
0 0.753125 0.454667 0.029750 0.052444
0 0.736250 0.512444 0.028000 0.031111
0 0.690625 0.517778 0.027250 0.036444
0 0.711125 0.503778 0.018250 0.042222
0 0.718000 0.544000 0.026000 0.034667
0 0.703375 0.566000 0.013250 0.035111
0 0.685375 0.581333 0.022250 0.049778
0 0.712625 0.627333 0.029250 0.051111
0 0.742500 0.614222 0.027000 0.045333
0 0.699500 0.657778 0.032500 0.049778
0 0.678250 0.692222 0.026000 0.056444
0 0.649375 0.622000 0.019250 0.059111
0 0.667625 0.647556 0.016250 0.057778
0 0.644750 0.532667 0.028000 0.036889
0 0.627750 0.586444 0.023000 0.052889
0 0.668500 0.463333 0.022500 0.050222
0 0.589250 0.500444 0.029000 0.050667
0 0.635875 0.492222 0.028250 0.034222
0 0.601625 0.540222 0.023250 0.033333
0 0.567750 0.723778 0.025000 0.070667
0 0.522750 0.674444 0.027000 0.045778
0 0.489625 0.686889 0.028750 0.039556
0 0.520500 0.730000 0.029000 0.044889
0 0.538875 0.788000 0.028750 0.045333
0 0.580750 0.807556 0.026000 0.045333
0 0.513375 0.790000 0.018250 0.053778
0 0.517000 0.909333 0.026500 0.054222
0 0.523375 0.847556 0.020250 0.054222
0 0.457875 0.822667 0.029250 0.040889
0 0.495750 0.844444 0.021500 0.050667
0 0.424000 0.835111 0.026000 0.029333
0 0.413125 0.732000 0.031250 0.048000
0 0.376625 0.776667 0.032250 0.052889
0 0.360875 0.628444 0.030250 0.050667
0 0.318375 0.580667 0.028750 0.052889
0 0.315000 0.626667 0.032000 0.031111
0 0.291750 0.560667 0.023500 0.043111
0 0.266750 0.536889 0.025000 0.046222
0 0.282125 0.695556 0.026250 0.046222
0 0.275875 0.752667 0.022750 0.053778
0 0.406125 0.581556 0.024750 0.036000
0 0.439750 0.536000 0.021000 0.051556
0 0.442125 0.597778 0.018750 0.047111
0 0.424125 0.565778 0.013750 0.050667
0 0.478500 0.592667 0.025000 0.054667
0 0.458750 0.598667 0.014500 0.056889
0 0.462125 0.536889 0.020250 0.050667
0 0.509000 0.550889 0.024500 0.050222
0 0.662000 0.782444 0.019000 0.052889
0 0.678375 0.770667 0.016250 0.042667
0 0.713125 0.744667 0.028750 0.050222
0 0.698375 0.779333 0.022250 0.036889
0 0.791625 0.803556 0.033250 0.044444
0 0.768750 0.749111 0.017500 0.048444
0 0.776375 0.712222 0.018750 0.040444
0 0.821375 0.602889 0.021750 0.052000
0 0.815125 0.460222 0.021250 0.052000
0 0.821500 0.532222 0.025500 0.044889
