0 0.196667 0.059625 0.067111 0.044750
0 0.277778 0.063250 0.077333 0.050000
0 0.517778 0.054250 0.055111 0.034500
0 0.482889 0.083750 0.053778 0.037500
0 0.459556 0.122500 0.071111 0.042000
0 0.398000 0.113500 0.076000 0.043500
0 0.389778 0.175375 0.071111 0.056750
0 0.577333 0.162500 0.076444 0.046500
0 0.462222 0.244750 0.066667 0.030500
0 0.473333 0.275250 0.078222 0.029500
0 0.537333 0.296250 0.065778 0.031500
0 0.452000 0.301375 0.052444 0.029250
0 0.448667 0.324875 0.065333 0.021250
0 0.444222 0.351000 0.082222 0.037500
0 0.534222 0.329750 0.078222 0.033000
0 0.510000 0.397250 0.080444 0.043000
0 0.694889 0.335625 0.098222 0.040250
0 0.726222 0.362000 0.068444 0.046000
0 0.742000 0.395000 0.067111 0.022500
0 0.809556 0.394250 0.072444 0.044500
0 0.690000 0.407125 0.076000 0.017250
0 0.769778 0.425000 0.051556 0.035500
0 0.699778 0.428500 0.067111 0.023500
0 0.732444 0.455750 0.057778 0.042000
0 0.798444 0.470250 0.068889 0.045500
0 0.856444 0.453625 0.055111 0.047750
0 0.633556 0.462000 0.078667 0.046000
0 0.551556 0.536750 0.037333 0.041000
0 0.597556 0.516500 0.066222 0.032500
0 0.638222 0.563375 0.053333 0.040750
0 0.590222 0.561500 0.039111 0.036500
0 0.694444 0.584250 0.062667 0.046000
0 0.732889 0.549625 0.067556 0.045750
0 0.711111 0.520875 0.086222 0.036750
0 0.797333 0.506375 0.088889 0.026750
0 0.794222 0.561625 0.059556 0.047750
0 0.860444 0.577875 0.074667 0.046250
0 0.903556 0.520500 0.076444 0.048500
0 0.555333 0.609375 0.065333 0.044250
0 0.614000 0.597000 0.055556 0.035500
0 0.623111 0.622875 0.053333 0.021750
0 0.655556 0.640750 0.080000 0.043000
0 0.584667 0.683750 0.062667 0.050000
0 0.606222 0.721375 0.066667 0.030250
0 0.524222 0.707250 0.090222 0.023000
0 0.542889 0.735125 0.060889 0.043750
0 0.599111 0.759500 0.059556 0.042000
0 0.686667 0.791625 0.070222 0.046750
0 0.733111 0.759125 0.061778 0.024250
0 0.783778 0.749875 0.035111 0.029250
0 0.810444 0.778000 0.066222 0.048500
0 0.819778 0.728750 0.073333 0.047500
0 0.685556 0.098250 0.057333 0.040500
0 0.765556 0.039750 0.068000 0.030000
0 0.778889 0.071875 0.069778 0.028250
0 0.699556 0.206750 0.090667 0.049000
0 0.769778 0.251000 0.078222 0.045500
0 0.907333 0.304875 0.079556 0.049250
0 0.471111 0.587500 0.076444 0.038500
0 0.410444 0.626250 0.071556 0.039000
0 0.368667 0.650500 0.080444 0.025500
0 0.165556 0.650250 0.088444 0.036000
0 0.175778 0.679375 0.075111 0.028750
0 0.161333 0.708500 0.073778 0.031500
0 0.217556 0.737500 0.080444 0.042500
0 0.303778 0.675625 0.064444 0.053250
0 0.367333 0.686000 0.064444 0.043000
0 0.347778 0.717250 0.036889 0.035000
0 0.411556 0.730875 0.084444 0.044750
0 0.442222 0.771500 0.077333 0.041000
0 0.477556 0.674250 0.084000 0.040500
0 0.121556 0.518000 0.073333 0.040500
0 0.244889 0.492000 0.119111 0.042000
0 0.327111 0.425000 0.068444 0.052500
0 0.299778 0.372250 0.075111 0.047500
0 0.231778 0.415875 0.080444 0.046750
0 0.141778 0.451875 0.072000 0.045750
0 0.138889 0.410875 0.092000 0.026750
0 0.045111 0.423750 0.089333 0.051500
0 0.051111 0.374625 0.075556 0.042750
0 0.078667 0.325875 0.085333 0.041250
0 0.227556 0.257000 0.080889 0.045000
0 0.156667 0.202250 0.091111 0.054500
0 0.066667 0.270500 0.052444 0.043000
0 0.155333 0.271750 0.059111 0.035500
0 0.132889 0.295125 0.064889 0.031750
0 0.455778 0.911250 0.073333 0.039000
0 0.564222 0.907500 0.069778 0.039500
0 0.685333 0.895250 0.077333 0.037000
0 0.206667 0.832250 0.080000 0.028000
0 0.111111 0.880750 0.065778 0.042000
0 0.287778 0.846000 0.099111 0.029500
0 0.216444 0.866000 0.056000 0.032000
0 0.184444 0.887875 0.052444 0.040250
