0 0.175125 0.402667 0.032750 0.041778
0 0.264500 0.373333 0.026500 0.045333
0 0.290250 0.358444 0.024500 0.044000
0 0.303625 0.418667 0.025250 0.038222
0 0.349125 0.489111 0.020250 0.044889
0 0.280375 0.521556 0.024250 0.039556
0 0.299500 0.538667 0.019500 0.030222
0 0.323625 0.560444 0.025750 0.055111
0 0.321375 0.595111 0.028250 0.024889
0 0.236250 0.267111 0.023000 0.048000
0 0.401000 0.375111 0.026500 0.049778
0 0.375250 0.418222 0.030500 0.044444
0 0.433000 0.296222 0.029500 0.046667
0 0.518000 0.329556 0.027500 0.030667
0 0.530625 0.364444 0.024750 0.040889
0 0.559375 0.308444 0.027750 0.040889
0 0.575375 0.257333 0.023750 0.039111
0 0.601750 0.246000 0.029000 0.061778
0 0.551750 0.192667 0.041000 0.032444
0 0.551750 0.368889 0.017000 0.048889
0 0.590750 0.333333 0.027500 0.044444
0 0.581625 0.372444 0.030250 0.036444
0 0.577500 0.400889 0.019500 0.026667
0 0.555375 0.415556 0.024750 0.040000
0 0.523125 0.463778 0.027250 0.048444
0 0.486125 0.359111 0.023750 0.037333
0 0.502500 0.383556 0.021500 0.034667
0 0.484625 0.396889 0.014250 0.034667
0 0.468375 0.407778 0.016750 0.038667
0 0.451000 0.421333 0.022000 0.061333
0 0.523125 0.403111 0.024250 0.033778
0 0.506125 0.421778 0.015750 0.034667
0 0.494375 0.431333 0.014250 0.047556
0 0.593250 0.432000 0.025500 0.042667
0 0.625375 0.452222 0.020750 0.046667
0 0.611875 0.473111 0.014750 0.036889
0 0.605500 0.509111 0.024000 0.031556
0 0.580125 0.461333 0.022750 0.034667
0 0.599375 0.475111 0.021250 0.031111
0 0.580375 0.491333 0.022250 0.027111
0 0.565500 0.513778 0.026000 0.037333
0 0.554250 0.481111 0.022000 0.035111
0 0.486125 0.527778 0.023250 0.043111
0 0.444375 0.516000 0.022250 0.049778
0 0.423375 0.517333 0.019250 0.048889
0 0.397375 0.553333 0.020250 0.035556
0 0.414500 0.552444 0.015000 0.038222
0 0.430125 0.571333 0.018750 0.051111
0 0.443750 0.569778 0.010500 0.047111
0 0.459750 0.566222 0.024000 0.046222
0 0.674500 0.353778 0.032500 0.041778
0 0.704875 0.370667 0.027250 0.046222
0 0.691000 0.382667 0.024000 0.023111
0 0.691875 0.413556 0.015250 0.038667
0 0.705875 0.437111 0.028750 0.044000
0 0.767875 0.440444 0.017250 0.050667
0 0.772250 0.506667 0.024000 0.047111
0 0.770250 0.570889 0.017500 0.045778
0 0.695125 0.578667 0.023750 0.046222
0 0.690375 0.490000 0.024750 0.032444
0 0.668500 0.485333 0.016000 0.038222
0 0.675500 0.516667 0.024500 0.027111
0 0.660750 0.538000 0.018000 0.031556
0 0.648125 0.499333 0.023750 0.037778
0 0.641125 0.553333 0.021750 0.047111
0 0.669125 0.595778 0.026250 0.048444
0 0.661875 0.622667 0.020250 0.042667
0 0.646000 0.614222 0.014000 0.033778
0 0.638875 0.654444 0.021250 0.048444
0 0.628125 0.615778 0.014750 0.046667
0 0.613250 0.591556 0.021500 0.063111
0 0.592000 0.558000 0.019500 0.045778
0 0.360750 0.594444 0.026000 0.041333
0 0.294625 0.650889 0.022750 0.040444
0 0.290500 0.698444 0.019500 0.041333
0 0.376000 0.720444 0.027000 0.047111
0 0.405125 0.684667 0.028750 0.039556
0 0.417125 0.724667 0.016250 0.036889
0 0.429125 0.739556 0.009750 0.044444
0 0.411750 0.743778 0.018000 0.025333
0 0.415000 0.768444 0.024500 0.020444
0 0.443375 0.762222 0.022750 0.042667
0 0.474875 0.777333 0.021750 0.045333
0 0.495875 0.830444 0.023750 0.049333
0 0.499500 0.779111 0.019500 0.048000
0 0.514000 0.728889 0.025500 0.040889
0 0.492125 0.732444 0.016750 0.050667
0 0.496500 0.682889 0.027000 0.040444
0 0.538375 0.675778 0.023250 0.063556
0 0.550375 0.744222 0.021750 0.040444
0 0.621625 0.728889 0.017750 0.053333
0 0.637500 0.717333 0.017000 0.041778
0 0.666875 0.694444 0.028750 0.042222
0 0.654375 0.725556 0.019750 0.032444
0 0.724875 0.667333 0.016250 0.033333
0 0.717125 0.707556 0.013250 0.033778
0 0.736000 0.697778 0.017500 0.026667
0 0.748000 0.710889 0.024500 0.036000
0 0.733875 0.724667 0.022250 0.027111
0 0.740125 0.752000 0.026750 0.032000
0 0.470250 0.646000 0.025500 0.036889
0 0.499000 0.632889 0.025500 0.039111
