0 0.649778 0.130000 0.053333 0.038000
0 0.827778 0.206625 0.064444 0.033250
0 0.698000 0.240875 0.061778 0.031750
0 0.717556 0.271875 0.060000 0.030750
0 0.638000 0.291625 0.053778 0.030750
0 0.508222 0.259375 0.045778 0.033750
0 0.479333 0.285000 0.039556 0.030500
0 0.462222 0.315750 0.063111 0.036000
0 0.409556 0.311125 0.038667 0.035250
0 0.331556 0.275875 0.048000 0.031250
0 0.266222 0.270125 0.055111 0.027250
0 0.246222 0.382750 0.060444 0.036000
0 0.409778 0.362375 0.056000 0.034250
0 0.294222 0.422250 0.060444 0.034500
0 0.181556 0.436250 0.034222 0.026500
0 0.211111 0.432500 0.038222 0.026000
0 0.244667 0.436875 0.042222 0.028250
0 0.230222 0.456875 0.049778 0.016750
0 0.200444 0.472875 0.040889 0.025750
0 0.175556 0.517250 0.056889 0.025500
0 0.106889 0.507125 0.042222 0.030250
0 0.238444 0.536875 0.064444 0.025250
0 0.240667 0.565250 0.047556 0.036000
0 0.102000 0.543375 0.054667 0.030750
0 0.173556 0.545875 0.060889 0.030250
0 0.222889 0.613500 0.050222 0.030500
0 0.314444 0.595500 0.081333 0.028500
0 0.303556 0.541750 0.056000 0.035500
0 0.352444 0.505250 0.044444 0.034000
0 0.371778 0.542375 0.043111 0.031250
0 0.467556 0.411750 0.040889 0.024000
0 0.481556 0.429500 0.071556 0.017500
0 0.517111 0.445000 0.064444 0.022500
0 0.456889 0.490000 0.062222 0.025000
0 0.452667 0.469875 0.056444 0.016250
0 0.520000 0.473625 0.062222 0.022750
0 0.454667 0.454750 0.048889 0.026500
0 0.507111 0.524625 0.052444 0.029250
0 0.640889 0.478625 0.080000 0.026750
0 0.663333 0.501250 0.052889 0.021500
0 0.723111 0.520875 0.057778 0.033750
0 0.674889 0.520000 0.060000 0.017500
0 0.635778 0.534875 0.060000 0.017250
0 0.594667 0.569875 0.058667 0.036750
0 0.646667 0.551625 0.048889 0.015750
0 0.666889 0.569000 0.035111 0.030000
0 0.723333 0.577625 0.044000 0.032750
0 0.761556 0.563250 0.036889 0.035500
0 0.715333 0.606000 0.061778 0.021000
0 0.789111 0.614125 0.046667 0.034250
0 0.857333 0.632125 0.048000 0.030250
0 0.935778 0.601250 0.034222 0.052000
0 0.869111 0.664750 0.075111 0.029500
0 0.758667 0.652875 0.057778 0.034750
0 0.707333 0.644000 0.036889 0.035500
0 0.651333 0.612500 0.055556 0.027500
0 0.676444 0.639000 0.029333 0.028000
0 0.641333 0.656625 0.040000 0.032750
0 0.570444 0.613000 0.052889 0.032000
0 0.528667 0.623125 0.034222 0.027250
0 0.561333 0.640375 0.028444 0.027750
0 0.595778 0.643000 0.030667 0.030000
0 0.573556 0.667375 0.042222 0.026250
0 0.591778 0.684000 0.031556 0.016000
0 0.618000 0.699625 0.044889 0.029750
0 0.535778 0.677125 0.041333 0.031750
0 0.476000 0.661375 0.061333 0.022750
0 0.435556 0.687500 0.074667 0.022000
0 0.402889 0.707250 0.054667 0.021500
0 0.354444 0.719500 0.055556 0.036000
0 0.404444 0.728500 0.045333 0.022000
0 0.393778 0.750000 0.052444 0.023000
0 0.433333 0.758125 0.053333 0.032250
0 0.452667 0.790875 0.053778 0.031250
0 0.482667 0.726000 0.060444 0.024000
0 0.553556 0.728625 0.055556 0.035250
0 0.568222 0.754125 0.052889 0.017750
0 0.512667 0.743000 0.058222 0.013500
0 0.526222 0.762125 0.032889 0.025750
0 0.565556 0.782625 0.036889 0.033750
0 0.625556 0.800125 0.044889 0.033750
0 0.660889 0.782875 0.048889 0.017250
0 0.723556 0.793000 0.037333 0.030500
0 0.728222 0.760625 0.050222 0.037750
0 0.550667 0.348375 0.051556 0.023750
0 0.645111 0.382000 0.057333 0.033500
0 0.701778 0.414500 0.058667 0.031500
0 0.801556 0.452375 0.060000 0.035750
0 0.256000 0.701000 0.056000 0.017500
0 0.270444 0.722000 0.050222 0.023500
0 0.261778 0.743000 0.046222 0.019500
0 0.299333 0.761750 0.052889 0.035000
0 0.298444 0.761250 0.052889 0.035000
0 0.466667 0.880125 0.051556 0.021250
0 0.548667 0.880250 0.062667 0.024500
0 0.631333 0.872250 0.061778 0.030000
0 0.294667 0.823375 0.052444 0.021250
0 0.345111 0.831625 0.052889 0.019750
0 0.303333 0.846500 0.042222 0.024000
0 0.226667 0.856500 0.040889 0.034000
0 0.258667 0.844125 0.038222 0.022250
0 0.281111 0.861625 0.031556 0.024750
