0 0.235125 0.377778 0.027750 0.036444
0 0.295000 0.257333 0.021500 0.043556
0 0.319750 0.351333 0.022500 0.037778
0 0.342875 0.342000 0.022250 0.037778
0 0.354375 0.395333 0.021750 0.031556
0 0.419250 0.396889 0.025500 0.037333
0 0.442250 0.358444 0.023000 0.043111
0 0.472000 0.291778 0.026500 0.041333
0 0.579375 0.198889 0.035250 0.033333
0 0.598375 0.259111 0.021250 0.037333
0 0.621125 0.249778 0.024750 0.055111
0 0.584375 0.304222 0.024250 0.038667
0 0.611500 0.328222 0.025500 0.045778
0 0.548250 0.322222 0.024000 0.026667
0 0.684750 0.352000 0.026500 0.038222
0 0.709125 0.356667 0.024750 0.028889
0 0.695375 0.373556 0.015250 0.020000
0 0.699250 0.398667 0.013000 0.029333
0 0.712000 0.423111 0.025000 0.040000
0 0.758125 0.425778 0.021750 0.041778
0 0.765125 0.487111 0.022250 0.036444
0 0.762875 0.541333 0.015250 0.038222
0 0.699500 0.548000 0.021000 0.035556
0 0.677375 0.560889 0.024250 0.042667
0 0.726250 0.624222 0.013500 0.036889
0 0.736625 0.649556 0.018750 0.031556
0 0.745375 0.670222 0.020750 0.018667
0 0.717750 0.652889 0.013500 0.042667
0 0.741000 0.701333 0.020500 0.020444
0 0.732250 0.680000 0.014000 0.024000
0 0.633750 0.678000 0.013500 0.041333
0 0.647375 0.670667 0.014750 0.037333
0 0.661125 0.675111 0.013750 0.034667
0 0.675375 0.652444 0.021750 0.041778
0 0.666750 0.583333 0.023500 0.036889
0 0.647625 0.613778 0.022750 0.044444
0 0.640000 0.578000 0.011000 0.041333
0 0.627375 0.558667 0.014250 0.056889
0 0.654250 0.524444 0.019000 0.042667
0 0.677375 0.464667 0.013750 0.036000
0 0.659000 0.473333 0.022500 0.027556
0 0.670500 0.510222 0.012000 0.026667
0 0.682250 0.496000 0.019000 0.024889
0 0.696875 0.469111 0.023250 0.028889
0 0.642375 0.432667 0.017750 0.044000
0 0.622500 0.486444 0.023500 0.028000
0 0.627375 0.445556 0.011750 0.017333
0 0.618250 0.456222 0.019000 0.028889
0 0.612875 0.416000 0.021750 0.040000
0 0.587750 0.490889 0.024000 0.031556
0 0.580125 0.455333 0.023250 0.035111
0 0.600500 0.466000 0.020000 0.028000
0 0.600625 0.438667 0.017250 0.027556
0 0.610625 0.526667 0.016250 0.040889
0 0.599500 0.386889 0.017000 0.022667
0 0.602750 0.365111 0.023000 0.022667
0 0.580875 0.400222 0.019250 0.039556
0 0.578125 0.356222 0.016250 0.044889
0 0.557875 0.353778 0.021250 0.038222
0 0.517500 0.345333 0.020500 0.034667
0 0.532625 0.369333 0.018250 0.032889
0 0.506000 0.390889 0.019500 0.035111
0 0.518000 0.385556 0.011000 0.029778
0 0.526250 0.411556 0.011500 0.040000
0 0.536375 0.406667 0.012250 0.032889
0 0.550625 0.442000 0.023250 0.042222
0 0.486875 0.403556 0.018750 0.059556
0 0.517125 0.499556 0.020250 0.039111
0 0.479875 0.488000 0.017750 0.043556
0 0.462500 0.487333 0.015500 0.042222
0 0.437875 0.522000 0.019250 0.036000
0 0.451375 0.513111 0.011750 0.054667
0 0.465500 0.533111 0.018000 0.045778
0 0.479125 0.534889 0.009250 0.041333
0 0.492625 0.532444 0.020250 0.041778
0 0.501125 0.604444 0.022250 0.034667
0 0.526250 0.593778 0.022500 0.034667
0 0.524625 0.637778 0.025250 0.034667
0 0.561500 0.632889 0.019500 0.056889
0 0.571375 0.694667 0.020250 0.033778
0 0.520250 0.681778 0.016000 0.044444
0 0.539250 0.680000 0.022500 0.036444
0 0.526625 0.725556 0.016250 0.043111
0 0.520875 0.772444 0.020250 0.043556
0 0.505750 0.724000 0.015000 0.040889
0 0.477500 0.706889 0.022000 0.035111
0 0.413500 0.670222 0.024000 0.040000
0 0.441875 0.638444 0.025250 0.031556
0 0.401250 0.555556 0.022500 0.036444
0 0.393875 0.461556 0.017750 0.039556
0 0.329625 0.486889 0.020250 0.034222
0 0.348375 0.501556 0.020250 0.029778
0 0.369500 0.517111 0.022000 0.037778
0 0.366375 0.552444 0.025750 0.030222
0 0.341375 0.606444 0.023750 0.036000
0 0.336750 0.650000 0.016500 0.038667
