0 0.110667 0.061625 0.063111 0.034250
0 0.056222 0.097250 0.036889 0.042500
0 0.118000 0.091625 0.047556 0.022750
0 0.113111 0.139875 0.074222 0.027750
0 0.319556 0.168625 0.062222 0.033750
0 0.206889 0.217875 0.073333 0.036750
0 0.148889 0.243750 0.064000 0.040000
0 0.063556 0.257375 0.076444 0.026250
0 0.098222 0.293500 0.080000 0.026500
0 0.114444 0.328250 0.078667 0.037500
0 0.201333 0.309625 0.069333 0.029750
0 0.262667 0.297500 0.075556 0.025500
0 0.348222 0.267500 0.060889 0.035500
0 0.315111 0.244875 0.048889 0.035250
0 0.385778 0.214625 0.055111 0.024250
0 0.394889 0.132500 0.056444 0.045000
0 0.288667 0.100375 0.052000 0.038750
0 0.330000 0.073500 0.066222 0.017000
0 0.410444 0.067125 0.056444 0.025750
0 0.379556 0.089250 0.033778 0.025000
0 0.342222 0.049875 0.057778 0.026750
0 0.474222 0.070125 0.051556 0.033250
0 0.551556 0.094375 0.060444 0.022250
0 0.602000 0.156250 0.054667 0.031500
0 0.739111 0.129250 0.072889 0.035000
0 0.777111 0.061000 0.058222 0.022500
0 0.825778 0.081750 0.059556 0.027500
0 0.880889 0.206750 0.057778 0.024500
0 0.863556 0.235500 0.053333 0.025000
0 0.832444 0.266375 0.080000 0.037750
0 0.693556 0.268000 0.045778 0.040500
0 0.650667 0.283625 0.049778 0.035750
0 0.663778 0.309000 0.052000 0.020500
0 0.748444 0.331000 0.064000 0.037500
0 0.840222 0.343375 0.077778 0.044750
0 0.817111 0.418250 0.052000 0.031500
0 0.850444 0.451875 0.069778 0.031750
0 0.895111 0.516250 0.056000 0.040500
0 0.848000 0.528875 0.032000 0.039750
0 0.824889 0.560875 0.083556 0.023250
0 0.753333 0.570750 0.044444 0.017500
0 0.813556 0.600875 0.067111 0.025250
0 0.732889 0.617375 0.059556 0.026750
0 0.725778 0.658875 0.068444 0.024750
0 0.637556 0.623375 0.050222 0.038250
0 0.616667 0.588875 0.068889 0.025250
0 0.591111 0.563250 0.064889 0.026000
0 0.655778 0.526750 0.046667 0.039500
0 0.609111 0.524125 0.043111 0.031250
0 0.566667 0.447500 0.051556 0.028000
0 0.647333 0.423625 0.059111 0.035750
0 0.512000 0.181375 0.060444 0.022250
0 0.456444 0.347875 0.062222 0.037250
0 0.465111 0.403000 0.064444 0.035500
0 0.267111 0.475125 0.045333 0.034750
0 0.187333 0.490375 0.064444 0.024250
0 0.216889 0.436500 0.049778 0.037500
0 0.086889 0.433375 0.072444 0.019750
0 0.160222 0.381500 0.059111 0.033500
0 0.266667 0.391500 0.058667 0.040000
0 0.193111 0.362750 0.064444 0.041000
0 0.094000 0.480750 0.044889 0.033000
0 0.102222 0.516750 0.056889 0.027000
0 0.156444 0.532875 0.067556 0.024750
0 0.113778 0.551625 0.048000 0.025750
0 0.169333 0.562875 0.065778 0.030750
0 0.264667 0.572125 0.054667 0.035250
0 0.176444 0.592375 0.058667 0.025250
0 0.120667 0.624125 0.057333 0.041750
0 0.360667 0.617625 0.046667 0.031750
0 0.326000 0.638250 0.045778 0.019000
0 0.296667 0.664000 0.049333 0.035000
0 0.314000 0.694250 0.064444 0.022500
0 0.360444 0.730125 0.060444 0.036750
0 0.433556 0.731125 0.038667 0.034250
0 0.482667 0.716750 0.046222 0.034500
0 0.412889 0.702625 0.054222 0.030250
0 0.520667 0.758250 0.051111 0.037000
0 0.608889 0.754750 0.050667 0.036500
0 0.590444 0.722875 0.052000 0.035750
0 0.498222 0.665625 0.079111 0.025250
0 0.536000 0.694000 0.056889 0.036500
0 0.484667 0.628750 0.060000 0.028000
0 0.458222 0.643250 0.065778 0.025500
0 0.488889 0.591750 0.064889 0.026500
0 0.443333 0.591625 0.045778 0.037750
0 0.423778 0.563625 0.042222 0.021750
0 0.439778 0.532125 0.048444 0.037250
0 0.351333 0.550750 0.066222 0.023500
0 0.355778 0.526750 0.065333 0.026500
0 0.362889 0.499000 0.052000 0.030500
0 0.325778 0.473125 0.059556 0.026750
0 0.482000 0.473250 0.057333 0.037000
0 0.364889 0.389000 0.058667 0.032000
0 0.488000 0.313250 0.053333 0.041000
0 0.535556 0.285500 0.041778 0.035500
0 0.652444 0.226125 0.055111 0.044250
0 0.667556 0.174250 0.050667 0.039000
0 0.719111 0.171125 0.048000 0.047250
0 0.367778 0.770875 0.044000 0.035250
0 0.279111 0.766000 0.056889 0.039000
0 0.218889 0.768000 0.049333 0.022500
0 0.203111 0.733000 0.036444 0.032000
0 0.278000 0.725125 0.052000 0.026750
0 0.338444 0.849625 0.044000 0.028250
0 0.257778 0.811125 0.042667 0.017250
0 0.188000 0.832625 0.040000 0.029250
0 0.405111 0.804000 0.044000 0.033500
0 0.554889 0.803375 0.052000 0.030250
0 0.623778 0.786875 0.055556 0.027750
0 0.843333 0.803625 0.039556 0.035750
0 0.820000 0.829125 0.041778 0.037750
0 0.775333 0.832875 0.041333 0.031750
0 0.698667 0.728250 0.055111 0.027000
0 0.608667 0.695000 0.040444 0.025500
0 0.565778 0.678750 0.041778 0.031500
