0 0.666000 0.196125 0.048444 0.024250
0 0.677556 0.221125 0.044889 0.021250
0 0.606222 0.240750 0.045333 0.032000
0 0.484444 0.207750 0.045333 0.032000
0 0.782222 0.167375 0.058667 0.020750
0 0.616000 0.097000 0.047111 0.033000
0 0.311333 0.212000 0.058222 0.037000
0 0.248000 0.209875 0.052444 0.032250
0 0.398000 0.252750 0.050222 0.031000
0 0.443111 0.256875 0.057778 0.032750
0 0.458889 0.228750 0.050222 0.026000
0 0.528000 0.290625 0.056889 0.032250
0 0.392889 0.299875 0.050667 0.037750
0 0.445778 0.347000 0.046222 0.024500
0 0.452889 0.368000 0.050667 0.017500
0 0.497333 0.384875 0.055111 0.019250
0 0.432222 0.385250 0.044000 0.024500
0 0.498667 0.408750 0.058667 0.021000
0 0.437778 0.408125 0.049778 0.018750
0 0.428000 0.425000 0.054222 0.024000
0 0.327556 0.439875 0.053333 0.033750
0 0.345333 0.477625 0.050667 0.030750
0 0.280222 0.473750 0.055556 0.031500
0 0.211556 0.469875 0.064889 0.022250
0 0.213333 0.497500 0.056000 0.030500
0 0.143111 0.475875 0.065778 0.037250
0 0.067778 0.476375 0.058222 0.034750
0 0.148889 0.448125 0.054222 0.022250
0 0.108889 0.433375 0.038222 0.026250
0 0.067556 0.436750 0.053333 0.027000
0 0.173556 0.405125 0.052889 0.030750
0 0.275778 0.357625 0.050222 0.032750
0 0.225333 0.316750 0.062222 0.039500
0 0.156444 0.366250 0.040000 0.028500
0 0.188889 0.364125 0.033778 0.019250
0 0.227556 0.365625 0.048889 0.024250
0 0.204222 0.383250 0.049333 0.020000
0 0.617111 0.322750 0.061778 0.035500
0 0.670222 0.353250 0.060444 0.034000
0 0.769333 0.392125 0.056000 0.033250
0 0.611556 0.412125 0.071111 0.025750
0 0.640444 0.433375 0.047111 0.028250
0 0.480889 0.458625 0.055111 0.031750
0 0.694889 0.455250 0.050222 0.031000
0 0.665333 0.478375 0.049778 0.026250
0 0.648667 0.457500 0.060889 0.019000
0 0.610667 0.467250 0.049778 0.015500
0 0.618222 0.481875 0.053333 0.017750
0 0.570889 0.505750 0.061778 0.032500
0 0.288222 0.530000 0.085778 0.036000
0 0.193556 0.548875 0.057333 0.031250
0 0.222222 0.645750 0.069333 0.026500
0 0.235778 0.667875 0.052889 0.023750
0 0.225556 0.686625 0.057333 0.020750
0 0.261333 0.707750 0.068444 0.033000
0 0.402667 0.628250 0.072889 0.030000
0 0.374444 0.642250 0.068889 0.021000
0 0.325778 0.661875 0.058667 0.039750
0 0.377333 0.667000 0.043556 0.030000
0 0.358889 0.690125 0.027111 0.023750
0 0.406444 0.700625 0.063556 0.036250
0 0.424222 0.735500 0.056444 0.034500
0 0.543778 0.724625 0.036889 0.031750
0 0.504000 0.706875 0.043556 0.031750
0 0.549778 0.694125 0.047111 0.025750
0 0.490444 0.686875 0.066222 0.018250
0 0.528444 0.667750 0.053333 0.032500
0 0.457333 0.661250 0.062222 0.032000
0 0.584222 0.641125 0.052000 0.025750
0 0.563111 0.620875 0.045333 0.019750
0 0.512222 0.614000 0.046667 0.029500
0 0.448889 0.600750 0.055111 0.029500
0 0.543556 0.548000 0.045333 0.033000
0 0.511333 0.560750 0.030667 0.030000
0 0.539556 0.575375 0.035556 0.024750
0 0.575556 0.580625 0.033778 0.029250
0 0.555556 0.602125 0.039111 0.025750
0 0.612667 0.595250 0.050222 0.032500
0 0.628667 0.547625 0.062667 0.027750
0 0.688889 0.538250 0.060444 0.018000
0 0.638667 0.571000 0.056000 0.026000
0 0.687333 0.576125 0.045778 0.034250
0 0.735111 0.588125 0.051556 0.034250
0 0.765556 0.548500 0.056444 0.033500
0 0.822222 0.568375 0.058667 0.029250
0 0.912444 0.543875 0.064000 0.037250
0 0.840889 0.601500 0.072889 0.033000
0 0.713111 0.700375 0.052889 0.036750
0 0.678222 0.718125 0.031111 0.024250
0 0.701111 0.736625 0.041333 0.035250
0 0.640889 0.723750 0.045333 0.023000
0 0.607111 0.742250 0.054222 0.033500
0 0.255556 0.774750 0.066667 0.023500
0 0.310444 0.787250 0.057333 0.020500
0 0.268889 0.802875 0.048889 0.031750
0 0.215556 0.801250 0.048000 0.023500
0 0.238222 0.820250 0.029333 0.030000
0 0.182000 0.814875 0.045778 0.029250
0 0.438667 0.840625 0.064889 0.031750
0 0.521556 0.836125 0.052889 0.033750
0 0.609778 0.824000 0.060444 0.026500
