0 0.090625 0.385111 0.036250 0.052889
0 0.201750 0.334222 0.028500 0.056000
0 0.232875 0.319556 0.031250 0.048000
0 0.163625 0.203111 0.030750 0.057778
0 0.375375 0.328667 0.035250 0.063556
0 0.415500 0.225111 0.036500 0.061778
0 0.529250 0.259111 0.033000 0.035556
0 0.546000 0.305333 0.034500 0.050667
0 0.440500 0.386889 0.034000 0.079556
0 0.468625 0.367111 0.022750 0.046222
0 0.491250 0.292222 0.026500 0.028889
0 0.510125 0.331111 0.026750 0.044444
0 0.487750 0.350667 0.015500 0.055111
0 0.537500 0.358222 0.031000 0.048000
0 0.538125 0.436222 0.034750 0.059111
0 0.499250 0.396667 0.018500 0.062667
0 0.514750 0.394222 0.015000 0.050667
0 0.580875 0.373333 0.029250 0.056889
0 0.574250 0.309778 0.021000 0.063111
0 0.582000 0.232000 0.034500 0.052444
0 0.624000 0.264444 0.035000 0.064889
0 0.637250 0.146000 0.035500 0.078667
0 0.603875 0.168000 0.030250 0.060444
0 0.569875 0.081556 0.052750 0.038667
0 0.608750 0.348667 0.026500 0.031556
0 0.629250 0.388667 0.035000 0.052000
0 0.674125 0.417111 0.026750 0.060000
0 0.648125 0.493778 0.030750 0.039111
0 0.656000 0.443778 0.013000 0.046667
0 0.595750 0.502889 0.033000 0.042222
0 0.580500 0.456889 0.028000 0.055111
0 0.613625 0.468444 0.033250 0.036444
0 0.613375 0.431333 0.025750 0.040444
0 0.640875 0.448000 0.026750 0.032889
0 0.632375 0.556444 0.024750 0.062222
0 0.660500 0.598222 0.025500 0.079111
0 0.681375 0.630444 0.017750 0.060889
0 0.700125 0.548444 0.026250 0.061333
0 0.703875 0.470000 0.034250 0.037778
0 0.730875 0.456889 0.020250 0.049778
0 0.739875 0.602667 0.025750 0.063111
0 0.769125 0.580444 0.031750 0.057778
0 0.761625 0.462444 0.031250 0.040444
0 0.741000 0.496889 0.030500 0.030222
0 0.724625 0.524889 0.021750 0.051556
0 0.867375 0.566000 0.023750 0.058222
0 0.866500 0.478667 0.030000 0.064000
0 0.857125 0.390222 0.025250 0.061333
0 0.736625 0.284444 0.038750 0.042667
0 0.773250 0.305111 0.033000 0.059111
0 0.753500 0.319333 0.021500 0.019111
0 0.727375 0.641333 0.023750 0.045333
0 0.705250 0.627778 0.019000 0.039556
0 0.701000 0.681333 0.022500 0.063111
0 0.736625 0.737333 0.040250 0.056889
0 0.717250 0.782000 0.021000 0.040444
0 0.696625 0.768222 0.022750 0.052889
0 0.674125 0.784000 0.021750 0.062222
0 0.813125 0.695556 0.024750 0.048000
0 0.827375 0.734889 0.021750 0.035111
0 0.845625 0.761111 0.031750 0.027111
0 0.804250 0.746667 0.021500 0.041778
0 0.824375 0.772444 0.024750 0.039111
0 0.836000 0.808000 0.037500 0.040000
0 0.760625 0.356889 0.016250 0.048000
0 0.780250 0.398889 0.035000 0.051111
0 0.613375 0.314444 0.035750 0.036889
0 0.252500 0.390444 0.031000 0.040444
0 0.344750 0.384889 0.038500 0.049778
0 0.310250 0.479333 0.027000 0.064444
0 0.328375 0.620667 0.032750 0.052000
0 0.223125 0.526889 0.034750 0.058222
0 0.251625 0.552667 0.031750 0.037778
0 0.278875 0.573778 0.029750 0.064000
0 0.276250 0.622000 0.037500 0.038667
0 0.243250 0.699111 0.031500 0.056889
0 0.237875 0.762889 0.029250 0.050222
0 0.349500 0.785333 0.034000 0.060444
0 0.389500 0.737778 0.034000 0.052444
0 0.402500 0.786667 0.022000 0.052444
0 0.419625 0.808444 0.014750 0.060444
0 0.441000 0.838000 0.030500 0.056444
0 0.402125 0.848000 0.031250 0.029333
0 0.397375 0.817111 0.025750 0.036000
0 0.483250 0.858000 0.025000 0.061778
0 0.513875 0.860222 0.028250 0.063556
0 0.510625 0.933111 0.031250 0.061778
0 0.476875 0.930667 0.024250 0.058667
0 0.532125 0.792889 0.034750 0.055111
0 0.502875 0.796889 0.023750 0.064000
0 0.506875 0.729111 0.032750 0.053778
0 0.511375 0.663111 0.032750 0.049778
0 0.471750 0.680444 0.033500 0.047111
0 0.562875 0.719778 0.030250 0.082222
0 0.580875 0.811111 0.029750 0.049778
0 0.491250 0.526000 0.029000 0.061778
0 0.437875 0.511556 0.029250 0.064889
0 0.410375 0.512889 0.024750 0.062222
0 0.376000 0.565778 0.027000 0.042667
0 0.394500 0.552000 0.018000 0.070222
0 0.416625 0.577111 0.027250 0.051111
0 0.457250 0.577333 0.031000 0.065778
0 0.434750 0.580889 0.017000 0.060444
