0 0.690444 0.162250 0.051111 0.031500
0 0.702000 0.191375 0.051111 0.024250
0 0.620222 0.212500 0.052000 0.030500
0 0.824667 0.128250 0.066222 0.023500
0 0.808444 0.388375 0.066667 0.039750
0 0.691778 0.345000 0.068889 0.039000
0 0.633333 0.307125 0.064000 0.036250
0 0.527333 0.272000 0.067111 0.036000
0 0.429111 0.234750 0.065333 0.039500
0 0.474000 0.176875 0.055556 0.029750
0 0.448889 0.200000 0.048889 0.027500
0 0.370889 0.226750 0.059111 0.030000
0 0.274667 0.183000 0.066667 0.042000
0 0.204222 0.180000 0.060000 0.036500
0 0.174222 0.303750 0.072889 0.046000
0 0.230889 0.350500 0.061778 0.038500
0 0.093111 0.358875 0.041333 0.029750
0 0.128444 0.358375 0.033778 0.024250
0 0.169556 0.358750 0.045778 0.025500
0 0.148667 0.380375 0.062667 0.019250
0 0.110444 0.406000 0.060000 0.034500
0 0.085333 0.457750 0.060444 0.024500
0 0.035556 0.440500 0.037333 0.031500
0 0.012667 0.489375 0.024444 0.040750
0 0.076444 0.488125 0.075556 0.039750
0 0.154889 0.478750 0.072444 0.025500
0 0.159333 0.513125 0.062667 0.044250
0 0.236667 0.484000 0.062667 0.040500
0 0.293111 0.446625 0.058222 0.038250
0 0.312222 0.489375 0.060889 0.038250
0 0.245778 0.549625 0.101333 0.038750
0 0.135333 0.573125 0.064444 0.038750
0 0.368667 0.282250 0.062667 0.044500
0 0.431778 0.338875 0.052000 0.024250
0 0.435778 0.359500 0.062667 0.017500
0 0.487556 0.380000 0.066667 0.027000
0 0.412889 0.383250 0.058667 0.032000
0 0.419778 0.406750 0.058222 0.021000
0 0.416222 0.429625 0.068889 0.034750
0 0.488667 0.411625 0.065333 0.021750
0 0.469778 0.467750 0.068444 0.033500
0 0.627333 0.414500 0.081333 0.031000
0 0.651111 0.438625 0.063111 0.039750
0 0.718889 0.464625 0.062667 0.037750
0 0.663778 0.466750 0.056444 0.018500
0 0.687111 0.492750 0.044444 0.028000
0 0.619778 0.476500 0.063556 0.013500
0 0.634222 0.496000 0.058667 0.018500
0 0.659111 0.519500 0.053333 0.033500
0 0.764667 0.515750 0.052000 0.043500
0 0.712222 0.527125 0.056444 0.035750
0 0.570889 0.522750 0.065333 0.041000
0 0.542444 0.570375 0.052889 0.027750
0 0.505333 0.585500 0.035556 0.038000
0 0.537778 0.604250 0.037333 0.029500
0 0.578667 0.608625 0.037333 0.032750
0 0.559778 0.635500 0.051111 0.034500
0 0.510000 0.649250 0.049333 0.035000
0 0.438667 0.629625 0.061333 0.036250
0 0.384667 0.664375 0.060889 0.030750
0 0.346667 0.683375 0.073778 0.018750
0 0.288444 0.705250 0.069333 0.047000
0 0.347778 0.710625 0.055556 0.031750
0 0.331556 0.737750 0.056889 0.031000
0 0.386000 0.749125 0.063556 0.039250
0 0.403556 0.786875 0.074667 0.037750
0 0.439333 0.702125 0.076889 0.038750
0 0.524222 0.712125 0.064444 0.041250
0 0.478000 0.735500 0.069778 0.020000
0 0.497111 0.752750 0.064444 0.033500
0 0.551778 0.743750 0.064444 0.029500
0 0.538444 0.777750 0.051111 0.035500
0 0.617333 0.803000 0.060444 0.042500
0 0.658667 0.776875 0.055111 0.021250
0 0.727556 0.791375 0.053333 0.043750
0 0.701111 0.767250 0.036889 0.026000
0 0.731556 0.749500 0.063111 0.045000
0 0.617333 0.892500 0.072889 0.029000
0 0.515556 0.906500 0.062222 0.036000
0 0.420000 0.910375 0.066667 0.033250
0 0.208000 0.837875 0.069333 0.024750
0 0.274667 0.849250 0.072889 0.023000
0 0.228667 0.869000 0.071556 0.040000
0 0.164889 0.864500 0.056889 0.029500
0 0.186444 0.886875 0.039556 0.032250
0 0.124222 0.877500 0.051111 0.041000
0 0.217778 0.757875 0.084444 0.040250
0 0.172667 0.681750 0.067111 0.033500
0 0.185556 0.708125 0.062667 0.027750
0 0.171556 0.735125 0.075556 0.027250
0 0.567333 0.656500 0.050222 0.021500
0 0.591778 0.680375 0.059111 0.031750
0 0.626889 0.625875 0.048444 0.039250
0 0.640889 0.571625 0.068444 0.032250
0 0.661778 0.604000 0.058667 0.021000
0 0.708222 0.606875 0.043111 0.036250
0 0.763111 0.621125 0.065778 0.036750
0 0.711556 0.561500 0.072000 0.022000
0 0.801778 0.572000 0.063111 0.043000
0 0.873778 0.594125 0.060444 0.029750
0 0.892667 0.634625 0.089333 0.043250
0 0.968667 0.566625 0.060889 0.041750
0 0.668889 0.467500 0.047111 0.022500
0 0.625778 0.047125 0.064889 0.040250
