0 0.806667 0.211625 0.048889 0.030250
0 0.942444 0.286625 0.057333 0.025750
0 0.828444 0.309375 0.056000 0.027750
0 0.836889 0.335250 0.053333 0.020000
0 0.771778 0.349000 0.038667 0.024500
0 0.671111 0.312375 0.041778 0.023750
0 0.644000 0.333750 0.037333 0.025000
0 0.586444 0.349250 0.044000 0.022000
0 0.627778 0.358625 0.045778 0.030250
0 0.696000 0.393250 0.052444 0.027500
0 0.578889 0.394750 0.044889 0.025000
0 0.520000 0.312750 0.043556 0.033000
0 0.468667 0.309250 0.050222 0.026000
0 0.765556 0.422625 0.056444 0.029250
0 0.803556 0.453750 0.048889 0.029000
0 0.880000 0.488750 0.050667 0.033500
0 0.744667 0.499750 0.065333 0.019500
0 0.759333 0.521625 0.046667 0.025750
0 0.809778 0.539375 0.051556 0.031250
0 0.765556 0.540500 0.044889 0.018500
0 0.726889 0.546125 0.052000 0.013250
0 0.737556 0.559750 0.041333 0.016500
0 0.774667 0.559375 0.032889 0.018250
0 0.752000 0.576250 0.041778 0.024000
0 0.793111 0.585625 0.040444 0.023750
0 0.826222 0.575125 0.027556 0.030250
0 0.691333 0.576500 0.050222 0.027500
0 0.782667 0.608500 0.048889 0.013500
0 0.733556 0.616250 0.045778 0.021000
0 0.665556 0.611625 0.045778 0.026250
0 0.633778 0.619750 0.029333 0.026000
0 0.583111 0.648500 0.049778 0.023500
0 0.630222 0.660250 0.033778 0.032000
0 0.652667 0.632875 0.029778 0.021750
0 0.681556 0.636625 0.027111 0.024250
0 0.660889 0.653875 0.032000 0.024750
0 0.665333 0.668750 0.032889 0.011500
0 0.680222 0.680750 0.045778 0.026500
0 0.712889 0.648625 0.036444 0.025250
0 0.736889 0.633375 0.041778 0.017750
0 0.770667 0.636500 0.034667 0.016500
0 0.810889 0.648500 0.046667 0.027000
0 0.843333 0.617250 0.050222 0.029000
0 0.890222 0.634500 0.044444 0.022500
0 0.888889 0.660625 0.062222 0.025750
0 0.963333 0.616750 0.056444 0.025500
0 0.764889 0.729250 0.048889 0.030500
0 0.709333 0.744000 0.032000 0.021000
0 0.738444 0.739750 0.025333 0.016000
0 0.748889 0.754750 0.043556 0.023000
0 0.676444 0.760750 0.036444 0.033000
0 0.632000 0.746125 0.030222 0.027750
0 0.634222 0.702375 0.045333 0.029750
0 0.641778 0.724750 0.040000 0.017500
0 0.577111 0.697500 0.050222 0.024000
0 0.595333 0.715625 0.045778 0.018750
0 0.601778 0.732875 0.038222 0.019250
0 0.612444 0.441375 0.039111 0.020750
0 0.428889 0.405625 0.048889 0.032750
0 0.471111 0.442250 0.041778 0.029000
0 0.369333 0.447000 0.036444 0.022500
0 0.397556 0.446000 0.028889 0.021000
0 0.427333 0.450250 0.036889 0.021500
0 0.402000 0.463250 0.043111 0.017500
0 0.376667 0.482250 0.042222 0.026500
0 0.354889 0.516250 0.043111 0.023000
0 0.320000 0.502750 0.026667 0.023500
0 0.287333 0.505500 0.036889 0.022500
0 0.284222 0.535875 0.042222 0.028250
0 0.342444 0.539625 0.052889 0.027250
0 0.399556 0.535375 0.056889 0.020250
0 0.399111 0.559500 0.044444 0.030500
0 0.457778 0.543750 0.046222 0.029000
0 0.511333 0.547250 0.036000 0.029500
0 0.503556 0.516375 0.044444 0.031250
0 0.455333 0.588000 0.066222 0.024500
0 0.377333 0.599750 0.050667 0.026000
0 0.628444 0.537250 0.047111 0.025000
0 0.649556 0.494000 0.056444 0.019000
0 0.593778 0.506375 0.055111 0.023250
0 0.596889 0.490500 0.045333 0.018000
0 0.597556 0.473375 0.028889 0.026750
0 0.622444 0.468125 0.022667 0.023750
0 0.652889 0.472125 0.041778 0.023250
0 0.533556 0.822000 0.044000 0.027000
0 0.592889 0.818625 0.039111 0.019250
0 0.660889 0.811250 0.048889 0.017500
0 0.386000 0.802250 0.030667 0.021000
0 0.344667 0.798750 0.032444 0.024000
0 0.407778 0.790875 0.029778 0.017250
0 0.402222 0.773000 0.038222 0.016500
0 0.380000 0.785625 0.021333 0.014250
0 0.444667 0.779375 0.042222 0.019750
0 0.545333 0.667500 0.036444 0.020500
0 0.514667 0.679375 0.047111 0.015750
0 0.393111 0.674500 0.048444 0.015500
0 0.400222 0.691500 0.044889 0.018500
0 0.389556 0.707500 0.043111 0.015000
0 0.413778 0.724375 0.057778 0.026250
0 0.471778 0.691875 0.043111 0.031750
0 0.510889 0.698750 0.036000 0.021000
0 0.500444 0.716875 0.033778 0.019250
0 0.536444 0.724000 0.031111 0.026500
0 0.541333 0.746125 0.051556 0.024250
