0 0.288444 0.102000 0.047111 0.033500
0 0.305556 0.156750 0.044889 0.030000
0 0.368000 0.126750 0.043556 0.040500
0 0.354222 0.094000 0.032000 0.024000
0 0.386000 0.075750 0.043111 0.028500
0 0.330889 0.069625 0.032444 0.021750
0 0.315111 0.085375 0.042667 0.014750
0 0.436667 0.083125 0.048444 0.035250
0 0.590000 0.158125 0.045778 0.039750
0 0.462444 0.164250 0.057333 0.022000
0 0.493111 0.183000 0.044000 0.024500
0 0.654222 0.121125 0.062222 0.027250
0 0.634667 0.154125 0.037333 0.034250
0 0.679556 0.166375 0.043556 0.029250
0 0.691111 0.069375 0.066667 0.015750
0 0.778889 0.181000 0.048444 0.025500
0 0.757778 0.204125 0.045333 0.022750
0 0.734889 0.229875 0.067111 0.029250
0 0.620000 0.230750 0.043556 0.032000
0 0.587111 0.197375 0.043556 0.039250
0 0.471556 0.219375 0.044444 0.022750
0 0.337111 0.233875 0.071556 0.028750
0 0.300667 0.211250 0.040444 0.027000
0 0.360667 0.190125 0.048444 0.025250
0 0.214000 0.195750 0.060889 0.033500
0 0.168000 0.216750 0.056889 0.033500
0 0.098889 0.225500 0.063556 0.019500
0 0.117333 0.253750 0.071111 0.025500
0 0.207333 0.265625 0.051111 0.027250
0 0.257778 0.262250 0.043556 0.036000
0 0.194444 0.310750 0.051111 0.032500
0 0.208667 0.374125 0.043111 0.034250
0 0.258667 0.338375 0.052444 0.034250
0 0.346667 0.333875 0.057778 0.029750
0 0.425556 0.346000 0.054667 0.034000
0 0.419111 0.294000 0.049778 0.027000
0 0.482444 0.248000 0.043111 0.028500
0 0.584444 0.245250 0.049778 0.031500
0 0.592222 0.266750 0.046667 0.018500
0 0.667556 0.283000 0.056000 0.034500
0 0.749111 0.292625 0.066222 0.038250
0 0.733778 0.358875 0.048889 0.031250
0 0.772222 0.382125 0.064444 0.019250
0 0.815556 0.452000 0.049778 0.040500
0 0.768444 0.460375 0.038222 0.035250
0 0.756222 0.489000 0.073333 0.019500
0 0.685111 0.498750 0.037778 0.019000
0 0.744667 0.526250 0.060000 0.027000
0 0.678222 0.550125 0.061333 0.033750
0 0.582444 0.549375 0.059111 0.037250
0 0.670667 0.585875 0.060444 0.024750
0 0.588667 0.364375 0.052000 0.034250
0 0.590889 0.330375 0.048444 0.023250
0 0.512889 0.383625 0.047111 0.025250
0 0.443111 0.406750 0.053333 0.030000
0 0.402444 0.458125 0.043111 0.033250
0 0.326444 0.456625 0.056444 0.021750
0 0.326667 0.482500 0.061333 0.025500
0 0.382000 0.492500 0.046667 0.024000
0 0.334889 0.540625 0.048444 0.026750
0 0.296889 0.561750 0.064000 0.024500
0 0.275778 0.587750 0.043111 0.028000
0 0.294222 0.622125 0.061333 0.023750
0 0.125778 0.548625 0.056000 0.036250
0 0.166889 0.490625 0.061778 0.029750
0 0.254889 0.499875 0.043111 0.034750
0 0.175778 0.519500 0.052000 0.022000
0 0.155111 0.460875 0.057778 0.020750
0 0.121333 0.479500 0.041778 0.029000
0 0.111111 0.446750 0.048889 0.019000
0 0.187778 0.424000 0.053778 0.023500
0 0.250444 0.408125 0.034222 0.023750
0 0.314222 0.409000 0.051556 0.020500
0 0.335778 0.432875 0.043111 0.028750
0 0.441556 0.520750 0.042222 0.025000
0 0.544000 0.489125 0.055111 0.024750
0 0.566889 0.513875 0.065333 0.022750
0 0.595111 0.456875 0.044444 0.030250
0 0.555778 0.454625 0.036000 0.025750
0 0.408889 0.519500 0.021333 0.033500
0 0.449111 0.559000 0.049333 0.031500
0 0.425333 0.570750 0.058667 0.021000
0 0.461111 0.592125 0.067111 0.027750
0 0.492889 0.624625 0.054222 0.023250
0 0.574222 0.623250 0.054222 0.022500
0 0.548889 0.650750 0.047111 0.033500
0 0.486000 0.683500 0.045778 0.026000
0 0.569778 0.688000 0.049778 0.041000
0 0.518000 0.743375 0.055556 0.029250
0 0.645333 0.713875 0.055111 0.025750
0 0.515333 0.778875 0.047556 0.031250
0 0.653333 0.656500 0.053333 0.026500
0 0.804667 0.647375 0.045778 0.023250
0 0.756222 0.662500 0.076889 0.022500
0 0.752444 0.643375 0.062222 0.019750
0 0.805778 0.744750 0.039111 0.033000
0 0.785778 0.774750 0.042667 0.037000
0 0.738889 0.777125 0.047556 0.030250
0 0.697333 0.785125 0.040889 0.021250
0 0.686222 0.810500 0.039111 0.028000
0 0.694222 0.842875 0.055111 0.031750
0 0.612667 0.785125 0.049333 0.025250
0 0.604222 0.757500 0.060889 0.026500
0 0.575556 0.720750 0.036444 0.022500
0 0.620889 0.732125 0.050667 0.025250
0 0.688889 0.755625 0.050667 0.028250
0 0.647778 0.754125 0.029778 0.018750
0 0.554444 0.817250 0.038667 0.037000
0 0.479111 0.819750 0.038222 0.021000
0 0.528889 0.829875 0.040000 0.031250
0 0.458889 0.777625 0.044889 0.029750
0 0.379111 0.746000 0.043556 0.043000
0 0.336000 0.654375 0.050667 0.033250
0 0.449556 0.645875 0.038667 0.027750
0 0.406222 0.654625 0.036444 0.025750
0 0.387778 0.624750 0.046667 0.019000
0 0.412444 0.588375 0.039111 0.022750
0 0.259333 0.698750 0.041333 0.030500
0 0.206667 0.700125 0.042667 0.029250
0 0.159111 0.742375 0.050667 0.032250
0 0.172000 0.717625 0.060444 0.020750
0 0.174222 0.778125 0.045333 0.032250
0 0.242667 0.751125 0.052444 0.020750
0 0.255111 0.775125 0.045333 0.024750
0 0.222000 0.788625 0.051111 0.026250
0 0.279556 0.828750 0.056889 0.031500
0 0.185778 0.868000 0.040000 0.031000
0 0.217111 0.838125 0.048444 0.022750
0 0.316667 0.795375 0.044889 0.021750
0 0.371111 0.791875 0.032889 0.031750
0 0.414000 0.780625 0.030667 0.023250
0 0.377111 0.833875 0.046667 0.031250
0 0.409556 0.802375 0.045778 0.023250
0 0.478222 0.844375 0.042667 0.024750
0 0.342000 0.703000 0.043111 0.031000
0 0.130889 0.281500 0.058222 0.027500
0 0.107556 0.372375 0.052444 0.019750
0 0.115778 0.411375 0.045778 0.020250
