0 0.648667 0.078125 0.053778 0.032750
0 0.824222 0.153750 0.057333 0.027500
0 0.700000 0.185625 0.054222 0.027250
0 0.712222 0.215250 0.044889 0.031000
0 0.634667 0.235875 0.052444 0.036250
0 0.505778 0.200625 0.052444 0.033750
0 0.478667 0.227375 0.042667 0.027750
0 0.453778 0.256250 0.067556 0.035000
0 0.407778 0.251500 0.038667 0.035000
0 0.327333 0.213000 0.052000 0.036000
0 0.262000 0.208625 0.054667 0.027250
0 0.407556 0.302250 0.055111 0.035500
0 0.551111 0.288875 0.056889 0.028250
0 0.645333 0.323625 0.060444 0.034750
0 0.699556 0.357000 0.064889 0.040000
0 0.799333 0.394625 0.065333 0.039250
0 0.638000 0.419750 0.083111 0.023000
0 0.657333 0.442875 0.059556 0.029250
0 0.718889 0.465125 0.058222 0.037750
0 0.762000 0.512750 0.044000 0.042500
0 0.719778 0.523625 0.046667 0.033750
0 0.665333 0.515250 0.059556 0.031000
0 0.633556 0.476875 0.069778 0.016250
0 0.635111 0.493250 0.058667 0.017500
0 0.588889 0.516750 0.064889 0.034500
0 0.711333 0.553875 0.059111 0.025250
0 0.651111 0.561000 0.051556 0.027500
0 0.703333 0.592000 0.044889 0.036000
0 0.670444 0.588250 0.032444 0.030500
0 0.757778 0.603750 0.060444 0.033500
0 0.786222 0.561875 0.043556 0.036750
0 0.856889 0.583875 0.051556 0.032250
0 0.943556 0.552125 0.045333 0.055750
0 0.877778 0.618875 0.081778 0.033250
0 0.561556 0.558250 0.050222 0.032000
0 0.520000 0.571500 0.040000 0.034000
0 0.466889 0.609750 0.053778 0.026500
0 0.530222 0.627750 0.045333 0.038000
0 0.633111 0.606875 0.045778 0.035250
0 0.608889 0.650875 0.034667 0.036250
0 0.584000 0.635875 0.028444 0.026750
0 0.550667 0.589000 0.032000 0.034500
0 0.588667 0.592125 0.034222 0.028250
0 0.570000 0.620125 0.033333 0.034250
0 0.422000 0.635625 0.081333 0.023750
0 0.388444 0.653875 0.060444 0.023250
0 0.336667 0.670125 0.068000 0.033250
0 0.388444 0.681125 0.048000 0.022250
0 0.375556 0.704375 0.046222 0.024250
0 0.280000 0.710875 0.060444 0.038250
0 0.236222 0.650375 0.056444 0.024750
0 0.254889 0.670125 0.054667 0.027250
0 0.244889 0.691250 0.053333 0.021500
0 0.437111 0.745000 0.063556 0.036000
0 0.416222 0.711125 0.062667 0.035250
0 0.470222 0.677250 0.063111 0.022500
0 0.542667 0.682250 0.049778 0.036000
0 0.560889 0.708750 0.048889 0.022500
0 0.549111 0.734500 0.036889 0.032500
0 0.518667 0.714125 0.040889 0.032250
0 0.498889 0.697750 0.058222 0.014000
0 0.619778 0.756625 0.055556 0.035250
0 0.658444 0.738250 0.047556 0.024000
0 0.716222 0.753750 0.056444 0.035500
0 0.725111 0.717375 0.057333 0.041250
0 0.695556 0.733250 0.032000 0.023500
0 0.621333 0.835750 0.064889 0.024000
0 0.532667 0.841000 0.058222 0.027500
0 0.448667 0.838750 0.059111 0.024500
0 0.207778 0.556500 0.053778 0.032500
0 0.300889 0.540500 0.081778 0.034500
0 0.222222 0.507125 0.044444 0.039750
0 0.294444 0.484250 0.050222 0.038500
0 0.361333 0.486750 0.048889 0.034000
0 0.341778 0.449375 0.052444 0.035750
0 0.224667 0.478750 0.066222 0.021500
0 0.158667 0.487500 0.062222 0.030500
0 0.088667 0.484375 0.058222 0.034250
0 0.184222 0.415500 0.046667 0.034000
0 0.160889 0.459625 0.063111 0.021250
0 0.287556 0.363000 0.050667 0.035000
0 0.236667 0.322875 0.064444 0.037750
0 0.500000 0.469250 0.056889 0.032000
0 0.515111 0.417125 0.062222 0.019250
0 0.446444 0.434500 0.068889 0.032500
0 0.445778 0.412000 0.059556 0.019000
0 0.448667 0.393750 0.035111 0.025500
0 0.513333 0.387125 0.060444 0.024250
0 0.474667 0.372000 0.075556 0.018000
0 0.459556 0.351750 0.046222 0.030500
