0 0.602000 0.189250 0.049333 0.028500
0 0.748444 0.251125 0.046222 0.022750
0 0.645111 0.279250 0.040444 0.025500
0 0.653111 0.304625 0.044889 0.024750
0 0.590444 0.321000 0.045778 0.030000
0 0.483333 0.293500 0.044000 0.023500
0 0.466444 0.315250 0.044000 0.026500
0 0.448667 0.340500 0.053778 0.029000
0 0.343556 0.306875 0.043556 0.026250
0 0.405778 0.337125 0.031111 0.029750
0 0.289333 0.304500 0.042667 0.020500
0 0.407778 0.377000 0.043111 0.027500
0 0.520444 0.366250 0.045333 0.022000
0 0.598667 0.393375 0.046222 0.025250
0 0.644667 0.421125 0.050222 0.028750
0 0.726222 0.453875 0.048000 0.031250
0 0.594667 0.470750 0.064000 0.018000
0 0.610667 0.490000 0.041778 0.021500
0 0.661333 0.508625 0.048889 0.025750
0 0.620444 0.508125 0.049778 0.016250
0 0.593111 0.518125 0.043111 0.012750
0 0.618222 0.548000 0.034667 0.026000
0 0.589778 0.530500 0.045333 0.011000
0 0.637111 0.528625 0.037778 0.022250
0 0.556889 0.549625 0.050667 0.027250
0 0.694000 0.543250 0.033333 0.026000
0 0.661778 0.556125 0.032889 0.023250
0 0.536444 0.584375 0.042667 0.024250
0 0.506000 0.593875 0.025333 0.028250
0 0.609556 0.584125 0.035111 0.021750
0 0.656000 0.577875 0.048000 0.019750
0 0.714667 0.585125 0.036444 0.028750
0 0.769333 0.599875 0.043556 0.025750
0 0.836444 0.574750 0.035556 0.041000
0 0.781778 0.626750 0.061333 0.023000
0 0.594222 0.622125 0.032000 0.028750
0 0.619778 0.605750 0.031556 0.021000
0 0.649111 0.608625 0.036889 0.031750
0 0.692444 0.619125 0.050667 0.030250
0 0.577111 0.656625 0.033333 0.028750
0 0.551778 0.642375 0.033333 0.015250
0 0.527556 0.606750 0.023111 0.022500
0 0.459556 0.624250 0.041778 0.018500
0 0.509556 0.638125 0.040444 0.025250
0 0.542667 0.629750 0.032889 0.020500
0 0.527778 0.681375 0.036889 0.025250
0 0.537111 0.701750 0.037778 0.016500
0 0.464889 0.676750 0.046222 0.020000
0 0.421111 0.644625 0.062667 0.017750
0 0.399111 0.660125 0.043556 0.018250
0 0.399333 0.679125 0.035111 0.018250
0 0.364444 0.672875 0.036444 0.030750
0 0.386444 0.697750 0.038667 0.018000
0 0.424444 0.706000 0.044444 0.026500
0 0.437556 0.731375 0.043111 0.025250
0 0.489111 0.693000 0.056444 0.011500
0 0.504000 0.709875 0.022222 0.024250
0 0.530667 0.725375 0.026667 0.030750
0 0.582222 0.741125 0.038222 0.024750
0 0.612444 0.725875 0.041778 0.015250
0 0.662444 0.736375 0.033333 0.027250
0 0.646667 0.722125 0.025778 0.018750
0 0.667778 0.708125 0.043111 0.028750
0 0.586000 0.805375 0.051111 0.019750
0 0.515111 0.812375 0.048889 0.022750
0 0.450222 0.811750 0.047111 0.019500
0 0.302444 0.761875 0.037778 0.018750
0 0.344000 0.769000 0.036444 0.016500
0 0.313333 0.781625 0.030222 0.018750
0 0.280222 0.776125 0.029778 0.014750
0 0.296444 0.793875 0.032000 0.026750
0 0.252667 0.786125 0.033333 0.028250
0 0.311333 0.707875 0.050222 0.026250
0 0.282222 0.690375 0.044444 0.016750
0 0.288889 0.674250 0.040889 0.022500
0 0.275556 0.657750 0.051556 0.017000
0 0.446667 0.418375 0.031111 0.020250
0 0.442000 0.453000 0.035111 0.022000
0 0.465333 0.433000 0.056889 0.012500
0 0.491778 0.446875 0.049333 0.021250
0 0.494444 0.468125 0.052000 0.017750
0 0.439333 0.467500 0.052000 0.012000
0 0.444889 0.483625 0.050667 0.026250
0 0.483556 0.511125 0.043556 0.024250
0 0.373556 0.525750 0.037778 0.025000
0 0.358889 0.495625 0.040444 0.028250
0 0.318889 0.524750 0.043111 0.027500
0 0.264667 0.518250 0.051111 0.018500
0 0.264000 0.542625 0.040000 0.028250
0 0.326000 0.569250 0.068000 0.024500
0 0.251333 0.583500 0.044000 0.025000
0 0.154222 0.525375 0.045333 0.026250
0 0.212444 0.529375 0.051556 0.022250
0 0.212889 0.504375 0.048000 0.019750
0 0.186444 0.491750 0.034222 0.019000
0 0.157333 0.494375 0.033778 0.023250
0 0.230222 0.467625 0.044444 0.020750
0 0.219778 0.436875 0.025333 0.019250
0 0.242222 0.434500 0.027556 0.021500
0 0.272222 0.440250 0.041333 0.017500
0 0.256444 0.452375 0.042667 0.012750
0 0.273778 0.394500 0.051556 0.031500
0 0.312667 0.428000 0.043111 0.029000
