0 0.571125 0.081778 0.056750 0.036444
0 0.637875 0.144889 0.032750 0.077333
0 0.603375 0.162000 0.031750 0.051111
0 0.582250 0.233111 0.034000 0.049333
0 0.624250 0.264889 0.034500 0.072889
0 0.614000 0.320000 0.035500 0.032889
0 0.574250 0.311556 0.020500 0.064000
0 0.582000 0.375111 0.027500 0.059556
0 0.609875 0.350222 0.024250 0.031111
0 0.629500 0.386222 0.033000 0.041778
0 0.674625 0.408222 0.028250 0.044889
0 0.646750 0.493333 0.034500 0.040889
0 0.613750 0.433111 0.030000 0.044000
0 0.640375 0.450222 0.024250 0.040889
0 0.581375 0.462222 0.029750 0.048000
0 0.596750 0.502000 0.034500 0.044000
0 0.632250 0.556444 0.024000 0.061333
0 0.658750 0.602667 0.022000 0.082667
0 0.680250 0.633556 0.018500 0.060889
0 0.698875 0.548222 0.026250 0.055556
0 0.725875 0.638667 0.025750 0.056000
0 0.702875 0.631111 0.022250 0.043556
0 0.700750 0.684000 0.021500 0.064889
0 0.675625 0.785111 0.023250 0.068000
0 0.696375 0.771333 0.020250 0.057333
0 0.718500 0.776000 0.022500 0.055111
0 0.739125 0.740000 0.029250 0.057778
0 0.735750 0.284222 0.040500 0.046667
0 0.754375 0.320667 0.024750 0.031556
0 0.775625 0.299111 0.036750 0.036444
0 0.760750 0.354889 0.015000 0.044000
0 0.779500 0.398222 0.037000 0.045333
0 0.856875 0.390444 0.025750 0.061778
0 0.865875 0.480222 0.029250 0.055556
0 0.867250 0.563778 0.022500 0.054667
0 0.769875 0.579556 0.032750 0.052444
0 0.735125 0.602222 0.034750 0.064000
0 0.704250 0.468000 0.035500 0.035556
0 0.732250 0.453333 0.017000 0.044444
0 0.759750 0.465778 0.030500 0.032889
0 0.742125 0.493556 0.033250 0.037778
0 0.725125 0.530000 0.022750 0.038667
0 0.812625 0.694444 0.024750 0.048444
0 0.802875 0.749556 0.020750 0.046667
0 0.830500 0.734667 0.030000 0.036444
0 0.845625 0.760000 0.031250 0.025778
0 0.823250 0.774000 0.025000 0.036000
0 0.841000 0.809333 0.027000 0.040889
0 0.530125 0.260000 0.034750 0.035556
0 0.545625 0.302222 0.031250 0.050667
0 0.489000 0.293556 0.027000 0.041333
0 0.467125 0.369111 0.024750 0.054667
0 0.538750 0.437556 0.032500 0.053778
0 0.538000 0.355333 0.030500 0.053778
0 0.442125 0.386667 0.026250 0.080889
0 0.414375 0.225333 0.036750 0.065778
0 0.376250 0.328667 0.033500 0.062667
0 0.345125 0.381556 0.034750 0.058222
0 0.311000 0.480222 0.023500 0.056444
0 0.254250 0.393111 0.034500 0.051111
0 0.233500 0.316889 0.029500 0.053333
0 0.200750 0.333556 0.028000 0.059111
0 0.164750 0.204667 0.031000 0.052889
0 0.092250 0.382222 0.033500 0.056889
0 0.223875 0.519556 0.031750 0.036444
0 0.248500 0.550000 0.024000 0.031556
0 0.279875 0.574000 0.033750 0.066222
0 0.278000 0.623333 0.036500 0.034222
0 0.244500 0.697333 0.029500 0.046222
0 0.240875 0.763333 0.022250 0.053778
0 0.327500 0.619111 0.030500 0.051556
0 0.375250 0.566222 0.023000 0.040889
0 0.410375 0.513556 0.026250 0.058222
0 0.438875 0.513111 0.024250 0.062667
0 0.395625 0.558667 0.018750 0.038222
0 0.415375 0.574667 0.023750 0.047111
0 0.435125 0.573556 0.016750 0.048444
0 0.455750 0.578222 0.029500 0.068444
0 0.491125 0.526444 0.029750 0.060889
0 0.487500 0.351111 0.018000 0.048889
0 0.472750 0.679111 0.032000 0.048889
0 0.510000 0.662222 0.032500 0.052444
0 0.507000 0.730889 0.031000 0.056444
0 0.561375 0.719333 0.027750 0.084889
0 0.532625 0.793333 0.035250 0.050667
0 0.502875 0.796889 0.022750 0.065778
0 0.441500 0.836000 0.030500 0.046222
0 0.388250 0.738222 0.033500 0.048000
0 0.348125 0.786000 0.036250 0.061778
0 0.402000 0.846889 0.032500 0.028889
0 0.403000 0.787778 0.022000 0.054667
0 0.485125 0.858444 0.023250 0.064444
0 0.514875 0.860222 0.023250 0.064444
0 0.511500 0.930667 0.031500 0.068444
0 0.582125 0.811556 0.029750 0.048889
