0 0.618000 0.062500 0.049333 0.038000
0 0.800444 0.140250 0.060444 0.028500
0 0.665556 0.174750 0.056444 0.028500
0 0.681111 0.206500 0.056444 0.029500
0 0.604889 0.227250 0.049778 0.032000
0 0.512222 0.287125 0.066222 0.024750
0 0.465778 0.193500 0.056000 0.032000
0 0.440889 0.221000 0.039111 0.028500
0 0.422889 0.251250 0.066222 0.034000
0 0.368222 0.248125 0.038667 0.038250
0 0.288667 0.212750 0.052000 0.035500
0 0.218667 0.210250 0.058667 0.021500
0 0.610889 0.321375 0.059111 0.034250
0 0.672444 0.353250 0.059556 0.039000
0 0.772889 0.392250 0.056889 0.037000
0 0.371111 0.301375 0.051556 0.036250
0 0.199556 0.324375 0.062222 0.036250
0 0.253111 0.364625 0.060889 0.034750
0 0.154444 0.419250 0.053778 0.035000
0 0.140000 0.377750 0.034667 0.027000
0 0.192667 0.379500 0.036000 0.025000
0 0.191778 0.379000 0.036000 0.025000
0 0.132889 0.462375 0.059556 0.027750
0 0.061556 0.488750 0.058222 0.033500
0 0.132889 0.494250 0.063111 0.028500
0 0.195333 0.481000 0.069778 0.021500
0 0.195333 0.511125 0.052889 0.035750
0 0.178444 0.562125 0.055556 0.031750
0 0.272444 0.541625 0.080889 0.026750
0 0.259333 0.487500 0.050222 0.037000
0 0.329556 0.488625 0.045778 0.033250
0 0.308889 0.451125 0.049778 0.036250
0 0.426444 0.351375 0.042222 0.025750
0 0.479333 0.386500 0.060000 0.026000
0 0.441111 0.370125 0.086667 0.014250
0 0.418444 0.396250 0.048444 0.028500
0 0.412444 0.415250 0.055111 0.018000
0 0.413778 0.434750 0.065778 0.030500
0 0.480444 0.415125 0.059556 0.024750
0 0.462222 0.471000 0.062222 0.030500
0 0.607333 0.418875 0.085778 0.023250
0 0.628889 0.443000 0.056889 0.032500
0 0.698444 0.465625 0.056444 0.033750
0 0.661778 0.490875 0.045333 0.025750
0 0.640889 0.465250 0.061333 0.016500
0 0.597111 0.478375 0.060000 0.017250
0 0.600000 0.494500 0.054222 0.018000
0 0.555778 0.518500 0.063556 0.037000
0 0.640889 0.519375 0.047111 0.032750
0 0.691778 0.526375 0.052000 0.034750
0 0.736889 0.511375 0.034667 0.037250
0 0.763778 0.564375 0.047556 0.035750
0 0.686667 0.556875 0.064889 0.023250
0 0.535556 0.562375 0.059556 0.031250
0 0.490000 0.575625 0.044000 0.034750
0 0.619556 0.562500 0.055111 0.030000
0 0.644000 0.589250 0.033778 0.031000
0 0.606444 0.611375 0.043111 0.036250
0 0.678889 0.595000 0.044000 0.038000
0 0.728000 0.607375 0.069333 0.038750
0 0.834667 0.586000 0.056000 0.031000
0 0.857111 0.621625 0.083111 0.033250
0 0.927556 0.552625 0.046222 0.055750
0 0.522222 0.593375 0.028444 0.029250
0 0.561778 0.593875 0.040889 0.025250
0 0.540000 0.621000 0.046222 0.029500
0 0.495778 0.629250 0.044000 0.037000
0 0.432222 0.612875 0.063556 0.027750
0 0.554444 0.638250 0.035111 0.015500
0 0.584222 0.655500 0.039556 0.039500
0 0.392889 0.639000 0.076444 0.023000
0 0.360667 0.659125 0.053778 0.025250
0 0.310000 0.672000 0.058222 0.038000
0 0.360667 0.681125 0.040444 0.023750
0 0.348444 0.704875 0.048000 0.025250
0 0.395333 0.714125 0.063556 0.036250
0 0.443778 0.678875 0.059111 0.024250
0 0.412667 0.747125 0.052000 0.034250
0 0.515333 0.684250 0.048444 0.037500
0 0.532222 0.712375 0.052000 0.024250
0 0.477333 0.700125 0.065778 0.017750
0 0.491778 0.719375 0.036000 0.030750
0 0.525556 0.739875 0.031556 0.032750
0 0.592000 0.761750 0.051556 0.038000
0 0.631778 0.744000 0.052000 0.021500
0 0.702000 0.721875 0.055556 0.039250
0 0.692444 0.759500 0.051556 0.033500
0 0.670222 0.739625 0.028444 0.022750
0 0.207333 0.651250 0.058222 0.019000
0 0.230444 0.671625 0.046667 0.023250
0 0.219556 0.690500 0.045333 0.021500
0 0.257333 0.711875 0.056889 0.031750
0 0.306444 0.786500 0.057333 0.025500
0 0.251556 0.776250 0.054222 0.022000
0 0.263111 0.801125 0.036444 0.026250
0 0.195111 0.806250 0.040889 0.032500
0 0.431556 0.842500 0.050667 0.025500
0 0.511778 0.846750 0.055556 0.029500
0 0.598889 0.841125 0.063556 0.021750
