0 0.429125 0.269111 0.034250 0.060889
0 0.392625 0.363333 0.029750 0.065333
0 0.362500 0.416889 0.036500 0.057778
0 0.330250 0.506667 0.023500 0.056889
0 0.275875 0.426889 0.029250 0.047556
0 0.259125 0.355111 0.029750 0.046222
0 0.227875 0.368444 0.027250 0.055111
0 0.192375 0.246667 0.026750 0.053333
0 0.122875 0.419111 0.038250 0.056889
0 0.246500 0.550222 0.033000 0.053333
0 0.273375 0.576222 0.028750 0.049333
0 0.299125 0.593778 0.028250 0.062222
0 0.294625 0.637778 0.035250 0.056889
0 0.267625 0.713556 0.029250 0.055556
0 0.261375 0.775111 0.026750 0.056889
0 0.346125 0.634444 0.033250 0.056444
0 0.390625 0.583333 0.026750 0.042222
0 0.424000 0.540222 0.026500 0.054667
0 0.449750 0.535556 0.026000 0.064889
0 0.498500 0.547111 0.031500 0.061333
0 0.467625 0.596222 0.029750 0.060000
0 0.428625 0.597778 0.021250 0.051556
0 0.410000 0.579111 0.018000 0.036444
0 0.446625 0.600444 0.015250 0.056000
0 0.454500 0.415778 0.027000 0.073333
0 0.479625 0.397111 0.023750 0.056444
0 0.497375 0.338444 0.028750 0.047556
0 0.507250 0.427556 0.014000 0.064889
0 0.522000 0.418444 0.018500 0.044889
0 0.497000 0.384667 0.020500 0.051111
0 0.517250 0.371111 0.026000 0.043556
0 0.542000 0.392667 0.030000 0.052000
0 0.544125 0.466000 0.031250 0.057333
0 0.534625 0.299111 0.035750 0.033778
0 0.550125 0.340667 0.030250 0.052000
0 0.577125 0.347556 0.019750 0.059556
0 0.583500 0.275111 0.035500 0.041778
0 0.624375 0.303778 0.038750 0.053778
0 0.614625 0.351333 0.035250 0.034222
0 0.583125 0.405111 0.028250 0.052000
0 0.609375 0.381111 0.025250 0.026222
0 0.629500 0.418444 0.031500 0.046667
0 0.582500 0.484667 0.026000 0.052000
0 0.597125 0.526667 0.029750 0.039111
0 0.671875 0.443778 0.026750 0.049333
0 0.652500 0.468222 0.020000 0.040444
0 0.647125 0.515556 0.030250 0.036444
0 0.612125 0.492889 0.030250 0.037333
0 0.613250 0.455333 0.025500 0.036889
0 0.638875 0.475333 0.025750 0.040444
0 0.631125 0.575778 0.025750 0.058222
0 0.656375 0.617111 0.020250 0.072444
0 0.677125 0.645556 0.017750 0.055556
0 0.695875 0.568222 0.024250 0.055556
0 0.699500 0.498000 0.031000 0.047556
0 0.724125 0.480889 0.018750 0.047111
0 0.717000 0.545556 0.019500 0.045778
0 0.733125 0.526667 0.026250 0.041778
0 0.749500 0.487556 0.030000 0.038222
0 0.758625 0.599778 0.027250 0.053778
0 0.727000 0.616000 0.034000 0.057778
0 0.720000 0.654667 0.027000 0.055111
0 0.699125 0.646444 0.024750 0.048444
0 0.693125 0.696222 0.030750 0.060889
0 0.731375 0.742667 0.034750 0.054222
0 0.714625 0.785333 0.024750 0.045333
0 0.691875 0.772667 0.020250 0.051111
0 0.673375 0.790889 0.023250 0.064444
0 0.801250 0.701778 0.022500 0.047111
0 0.791375 0.754667 0.018250 0.046222
0 0.815625 0.738000 0.027750 0.039556
0 0.813625 0.777333 0.027250 0.040000
0 0.825500 0.813333 0.027000 0.038222
0 0.851000 0.581111 0.023000 0.054667
0 0.849375 0.503111 0.026750 0.051556
0 0.841250 0.420444 0.028000 0.060444
0 0.769875 0.421333 0.035750 0.056889
0 0.748875 0.387556 0.016750 0.047111
0 0.763875 0.339778 0.030250 0.053778
0 0.745250 0.353333 0.020000 0.024000
0 0.728750 0.324667 0.033500 0.060889
0 0.602125 0.211778 0.028750 0.051111
0 0.636000 0.191111 0.033000 0.080889
0 0.572250 0.131556 0.050000 0.040000
0 0.585875 0.817556 0.029250 0.052000
0 0.565125 0.730000 0.024750 0.081333
0 0.517500 0.676889 0.030000 0.047111
0 0.482750 0.693778 0.032000 0.047111
0 0.516500 0.738889 0.032000 0.051111
0 0.540000 0.800667 0.032500 0.050222
0 0.511875 0.804667 0.023250 0.056444
0 0.524875 0.864667 0.021750 0.060889
0 0.518750 0.932222 0.029500 0.060889
0 0.455000 0.843778 0.032000 0.048444
0 0.494000 0.863333 0.024000 0.061778
0 0.486500 0.927778 0.024500 0.037778
0 0.366750 0.795778 0.033500 0.057333
0 0.404125 0.745333 0.030250 0.047111
0 0.415875 0.851111 0.029250 0.027556
0 0.432125 0.812222 0.013250 0.059111
