0 0.145875 0.396667 0.033750 0.044889
0 0.225125 0.243333 0.026250 0.052000
0 0.255250 0.363111 0.024000 0.048889
0 0.286625 0.354000 0.028750 0.047556
0 0.298250 0.419778 0.027000 0.036000
0 0.381875 0.417333 0.032250 0.043556
0 0.413375 0.371111 0.029750 0.056000
0 0.450750 0.284667 0.033500 0.055556
0 0.470250 0.428000 0.026000 0.067556
0 0.489875 0.411556 0.020250 0.042667
0 0.511250 0.352889 0.024500 0.040000
0 0.529625 0.384889 0.021250 0.035556
0 0.510000 0.398889 0.020000 0.047556
0 0.547625 0.324667 0.032750 0.031556
0 0.560250 0.364889 0.024500 0.048889
0 0.591750 0.304000 0.027000 0.045333
0 0.584250 0.372000 0.016500 0.056889
0 0.627250 0.331778 0.028500 0.054667
0 0.610125 0.248667 0.026750 0.043111
0 0.640125 0.238000 0.027750 0.065333
0 0.582875 0.173333 0.047750 0.039111
0 0.617625 0.378667 0.032250 0.032000
0 0.589625 0.426667 0.025750 0.054222
0 0.613500 0.405556 0.020500 0.027111
0 0.628000 0.439778 0.028500 0.039556
0 0.668000 0.462667 0.025000 0.042667
0 0.643250 0.530889 0.030500 0.037778
0 0.591125 0.520222 0.031250 0.080444
0 0.628375 0.583778 0.024750 0.050222
0 0.651625 0.624667 0.019250 0.066222
0 0.703625 0.659556 0.031250 0.048000
0 0.679750 0.693111 0.023500 0.054667
0 0.669125 0.645778 0.016250 0.056000
0 0.659625 0.780667 0.020250 0.049333
0 0.351000 0.500222 0.023500 0.055556
0 0.269875 0.538444 0.031750 0.049333
0 0.294125 0.557778 0.021250 0.050667
0 0.313125 0.625333 0.036250 0.041778
0 0.320125 0.578889 0.028750 0.061778
0 0.362125 0.626889 0.028750 0.052000
0 0.552500 0.476667 0.029000 0.053778
0 0.508625 0.552000 0.024750 0.048000
0 0.464000 0.536444 0.020500 0.056889
0 0.407125 0.581333 0.022750 0.042667
0 0.440625 0.533333 0.022250 0.048889
0 0.478000 0.590667 0.025000 0.048889
0 0.460125 0.592222 0.015250 0.048444
0 0.442750 0.600000 0.020500 0.046222
0 0.425250 0.578000 0.018500 0.053778
0 0.489000 0.687556 0.029500 0.044444
0 0.521500 0.671333 0.028000 0.041333
0 0.519875 0.731111 0.030250 0.046222
0 0.568375 0.724444 0.026250 0.068444
0 0.580750 0.805778 0.028000 0.048000
0 0.538000 0.789333 0.029500 0.043556
0 0.513250 0.791333 0.017000 0.053778
0 0.521875 0.852667 0.021750 0.047556
0 0.458625 0.824667 0.026750 0.044000
0 0.515875 0.906444 0.022750 0.046667
0 0.414250 0.731333 0.036000 0.052889
0 0.378000 0.779111 0.030000 0.052444
0 0.282125 0.696222 0.026250 0.049333
0 0.276250 0.753778 0.021000 0.052444
0 0.678750 0.768000 0.016500 0.039111
0 0.713500 0.745778 0.028500 0.048000
0 0.793625 0.807778 0.030750 0.039556
0 0.821000 0.602222 0.019500 0.044444
0 0.822250 0.534444 0.022500 0.043111
0 0.816750 0.458889 0.020500 0.055556
0 0.718125 0.361333 0.034750 0.043556
0 0.749750 0.381333 0.024000 0.051556
0 0.750625 0.456444 0.037250 0.042667
0 0.689250 0.514667 0.031000 0.031111
0 0.708375 0.560222 0.026250 0.051111
0 0.686875 0.582667 0.021250 0.053333
0 0.712625 0.627333 0.028750 0.053778
0 0.741625 0.618000 0.023750 0.045778
