0 0.632889 0.088125 0.048889 0.034250
0 0.809333 0.164375 0.061333 0.027750
0 0.686222 0.194875 0.048000 0.022750
0 0.697778 0.224750 0.041778 0.029000
0 0.621111 0.242500 0.046667 0.032000
0 0.491111 0.206000 0.040889 0.029000
0 0.465778 0.231375 0.037333 0.027250
0 0.441778 0.263125 0.064889 0.036250
0 0.389778 0.258625 0.036444 0.034250
0 0.235778 0.216750 0.052889 0.023500
0 0.310000 0.221375 0.052000 0.039750
0 0.531333 0.296875 0.057333 0.026250
0 0.388222 0.308125 0.053778 0.034750
0 0.214444 0.329875 0.063556 0.039750
0 0.267778 0.370625 0.054667 0.033250
0 0.165556 0.422625 0.055556 0.031250
0 0.139778 0.469000 0.061778 0.025500
0 0.202444 0.487875 0.058222 0.022750
0 0.136889 0.500875 0.061333 0.028250
0 0.069333 0.493375 0.054222 0.034750
0 0.201778 0.516375 0.050667 0.035750
0 0.271333 0.493625 0.051111 0.035750
0 0.323333 0.456875 0.044000 0.038250
0 0.341556 0.496000 0.048444 0.034000
0 0.282667 0.550875 0.084444 0.034250
0 0.187111 0.567250 0.051556 0.033500
0 0.441778 0.358500 0.040000 0.024500
0 0.457778 0.378375 0.068444 0.015250
0 0.498444 0.395125 0.064444 0.023750
0 0.496667 0.423375 0.068000 0.022250
0 0.429111 0.442250 0.060889 0.033000
0 0.431778 0.420125 0.056444 0.019250
0 0.432444 0.400625 0.041778 0.027750
0 0.150000 0.383125 0.031556 0.032750
0 0.216222 0.383125 0.049333 0.025750
0 0.198000 0.402625 0.051111 0.018750
0 0.179778 0.380125 0.036889 0.026750
0 0.398000 0.647500 0.087556 0.024000
0 0.447333 0.621250 0.053778 0.025000
0 0.507556 0.637625 0.050667 0.034750
0 0.543556 0.568875 0.053333 0.033250
0 0.503778 0.582625 0.037778 0.035750
0 0.535333 0.599500 0.033333 0.029000
0 0.577333 0.603000 0.038222 0.029000
0 0.555111 0.629250 0.040000 0.028500
0 0.569111 0.648000 0.034222 0.018000
0 0.599333 0.665000 0.042222 0.036000
0 0.527111 0.694875 0.047111 0.038250
0 0.451556 0.690750 0.058667 0.024000
0 0.486000 0.712250 0.067111 0.019000
0 0.543111 0.724500 0.058667 0.022000
0 0.500000 0.734125 0.040000 0.032250
0 0.535333 0.752500 0.033333 0.035500
0 0.603556 0.774250 0.053333 0.035500
0 0.644889 0.756500 0.050667 0.021000
0 0.702889 0.772625 0.059111 0.036750
0 0.715333 0.734250 0.053778 0.040000
0 0.414889 0.760625 0.058222 0.032250
0 0.406222 0.726750 0.057778 0.033500
0 0.368889 0.669000 0.059556 0.020500
0 0.315333 0.682875 0.051111 0.040250
0 0.362000 0.689875 0.054667 0.024250
0 0.354889 0.716000 0.059111 0.026500
0 0.257111 0.726625 0.070667 0.033250
0 0.220889 0.703625 0.046222 0.020250
0 0.231778 0.684500 0.052889 0.024000
0 0.216000 0.660250 0.064889 0.023500
0 0.304000 0.805875 0.061333 0.024750
0 0.246444 0.794000 0.049333 0.024000
0 0.260889 0.818125 0.040000 0.024250
0 0.189111 0.823375 0.031556 0.032250
0 0.220889 0.815875 0.033778 0.021250
0 0.432000 0.858625 0.055111 0.026750
0 0.520222 0.866375 0.061778 0.030250
0 0.609333 0.859125 0.068444 0.023750
0 0.630222 0.331125 0.059556 0.035250
0 0.685111 0.364000 0.060889 0.040000
0 0.787111 0.404750 0.067556 0.036500
0 0.621556 0.425250 0.085778 0.023500
0 0.642222 0.450500 0.056000 0.032000
0 0.479333 0.475750 0.065333 0.033500
0 0.572889 0.526250 0.063111 0.034000
0 0.710222 0.472125 0.065778 0.033250
0 0.612444 0.484750 0.062222 0.018000
0 0.648222 0.523250 0.051111 0.026500
0 0.623556 0.503125 0.056000 0.016750
0 0.748667 0.518625 0.042222 0.041750
0 0.707778 0.536000 0.051111 0.032000
0 0.700222 0.565000 0.065333 0.018500
0 0.631333 0.570125 0.061778 0.032750
0 0.656000 0.600500 0.035556 0.030500
0 0.619778 0.620375 0.045778 0.039250
0 0.691556 0.603000 0.042667 0.036000
0 0.746667 0.615750 0.064000 0.037500
0 0.775556 0.573125 0.044444 0.035750
0 0.936444 0.559500 0.035556 0.055500
0 0.850000 0.592625 0.045778 0.031250
0 0.868444 0.629375 0.080889 0.034750
