0 0.650889 0.128375 0.059111 0.032250
0 0.813778 0.204625 0.057778 0.026250
0 0.693556 0.233250 0.053778 0.030500
0 0.702444 0.263000 0.047556 0.028000
0 0.631778 0.280000 0.052889 0.034500
0 0.547556 0.332375 0.054222 0.027250
0 0.636667 0.366625 0.056444 0.032250
0 0.688444 0.397875 0.058667 0.032750
0 0.783778 0.438625 0.058222 0.037250
0 0.629556 0.458625 0.076000 0.022750
0 0.650222 0.482000 0.050667 0.028500
0 0.706000 0.502750 0.050222 0.032000
0 0.744222 0.545375 0.039556 0.035750
0 0.706667 0.559750 0.044444 0.036000
0 0.657778 0.549125 0.053333 0.029750
0 0.580444 0.552500 0.064000 0.039000
0 0.618667 0.516250 0.064889 0.021000
0 0.634889 0.594125 0.061778 0.030250
0 0.692667 0.587375 0.056444 0.019250
0 0.765333 0.596250 0.047111 0.037500
0 0.738000 0.636000 0.067111 0.039500
0 0.688222 0.626375 0.037778 0.037750
0 0.648000 0.620000 0.046222 0.024500
0 0.618222 0.639250 0.043556 0.034500
0 0.548667 0.592000 0.040444 0.028500
0 0.517778 0.658000 0.041778 0.034500
0 0.457333 0.641375 0.053333 0.031250
0 0.590444 0.686375 0.050222 0.028250
0 0.560444 0.664375 0.037333 0.015250
0 0.545778 0.620875 0.038222 0.028250
0 0.514889 0.604875 0.044000 0.030750
0 0.558444 0.650250 0.036000 0.026500
0 0.415111 0.667750 0.072000 0.024000
0 0.386667 0.687625 0.057778 0.019250
0 0.464222 0.707375 0.048444 0.024250
0 0.227333 0.681125 0.065333 0.021750
0 0.242667 0.703500 0.054222 0.022000
0 0.228667 0.722875 0.052000 0.020750
0 0.262444 0.742125 0.069778 0.033250
0 0.329556 0.699625 0.045778 0.035250
0 0.372222 0.706875 0.053778 0.022750
0 0.363333 0.730750 0.050222 0.031000
0 0.403778 0.742250 0.067111 0.029500
0 0.416889 0.769625 0.040000 0.021750
0 0.526889 0.711500 0.048444 0.030500
0 0.483333 0.729125 0.064444 0.021250
0 0.547778 0.736375 0.053778 0.021750
0 0.494889 0.744750 0.039556 0.024000
0 0.910889 0.585875 0.038667 0.053750
0 0.840444 0.649500 0.076444 0.032500
0 0.270444 0.249500 0.058222 0.025500
0 0.329333 0.256250 0.046222 0.028000
0 0.410000 0.289250 0.035111 0.032500
0 0.459111 0.297000 0.067556 0.037000
0 0.476444 0.269750 0.040000 0.027000
0 0.505556 0.244625 0.052000 0.031250
0 0.409556 0.341500 0.052889 0.029000
0 0.458889 0.390375 0.043111 0.024250
0 0.508222 0.425875 0.055556 0.024250
0 0.470889 0.409500 0.071556 0.013500
0 0.445111 0.450125 0.060889 0.016750
0 0.443111 0.467750 0.060444 0.025500
0 0.505111 0.452875 0.051111 0.021250
0 0.444222 0.430000 0.044000 0.021500
0 0.704889 0.744000 0.056000 0.035500
0 0.493778 0.503875 0.055111 0.032250
0 0.339333 0.484125 0.051111 0.036750
0 0.356667 0.518875 0.048444 0.032250
0 0.294889 0.518500 0.048444 0.034500
0 0.198667 0.588750 0.058667 0.032000
0 0.296667 0.571625 0.078667 0.032750
0 0.222000 0.510500 0.060889 0.021000
0 0.220889 0.540750 0.052444 0.035000
0 0.154000 0.519250 0.060889 0.028500
0 0.088222 0.516000 0.053778 0.031000
0 0.183778 0.448375 0.046667 0.030750
0 0.159333 0.490750 0.053778 0.026500
0 0.241111 0.358375 0.060889 0.036250
0 0.293111 0.398375 0.051111 0.035250
