0 0.295250 0.255556 0.022500 0.040889
0 0.319000 0.349333 0.021000 0.044444
0 0.341625 0.340889 0.020750 0.039111
0 0.355500 0.396222 0.023000 0.034222
0 0.329750 0.479778 0.026000 0.024444
0 0.347875 0.507333 0.018750 0.028000
0 0.369250 0.520667 0.020500 0.044889
0 0.365750 0.554000 0.027000 0.028889
0 0.402125 0.556444 0.022250 0.040000
0 0.394125 0.458889 0.019250 0.039556
0 0.419875 0.397333 0.024250 0.034667
0 0.442625 0.359778 0.022750 0.043111
0 0.471000 0.289333 0.027500 0.038222
0 0.578250 0.197556 0.038000 0.028000
0 0.621750 0.249333 0.020000 0.056889
0 0.598750 0.256667 0.020000 0.036889
0 0.583750 0.305556 0.024500 0.037778
0 0.549125 0.321778 0.024250 0.021333
0 0.557625 0.352222 0.020750 0.038667
0 0.577875 0.356222 0.016750 0.043111
0 0.611875 0.327556 0.025250 0.043556
0 0.603375 0.364667 0.025250 0.026222
0 0.581375 0.396444 0.018250 0.039111
0 0.600000 0.386000 0.019000 0.020889
0 0.613375 0.413556 0.021250 0.036889
0 0.642625 0.432444 0.017250 0.044444
0 0.622625 0.485556 0.020750 0.029778
0 0.610000 0.526889 0.018000 0.041333
0 0.550500 0.441111 0.023500 0.043111
0 0.487250 0.402444 0.021500 0.058222
0 0.504250 0.391111 0.017000 0.037333
0 0.520000 0.344889 0.020000 0.035556
0 0.533250 0.369111 0.018500 0.029778
0 0.518125 0.378667 0.013750 0.032000
0 0.524500 0.412667 0.015500 0.042222
0 0.535250 0.406667 0.013500 0.032889
0 0.551750 0.387333 0.020500 0.032444
0 0.516875 0.499111 0.019250 0.036444
0 0.483125 0.490444 0.015250 0.037778
0 0.463000 0.485556 0.016000 0.038667
0 0.452125 0.516667 0.014750 0.029778
0 0.436750 0.518889 0.017500 0.028000
0 0.466250 0.531556 0.015000 0.038222
0 0.479000 0.531556 0.011500 0.037333
0 0.493000 0.533556 0.019500 0.036889
0 0.501250 0.601778 0.023500 0.032000
0 0.525750 0.593778 0.022500 0.035556
0 0.525750 0.638222 0.023000 0.035556
0 0.441875 0.638889 0.026750 0.035111
0 0.417250 0.671111 0.022500 0.040000
0 0.476125 0.708000 0.020250 0.034667
0 0.506375 0.723778 0.017250 0.039556
0 0.527125 0.728000 0.014750 0.040000
0 0.520500 0.768667 0.021000 0.032444
0 0.520125 0.680889 0.016750 0.042667
0 0.539375 0.679333 0.023250 0.042222
0 0.572750 0.695778 0.019500 0.033333
0 0.562000 0.633111 0.022500 0.058222
0 0.656750 0.523333 0.014500 0.040444
0 0.628000 0.548889 0.016500 0.040889
0 0.641250 0.576222 0.013000 0.030667
0 0.650500 0.611778 0.019000 0.045778
0 0.656500 0.577333 0.015500 0.027556
0 0.671125 0.588444 0.014750 0.041778
0 0.678500 0.557556 0.021500 0.032444
0 0.700000 0.549111 0.020500 0.037778
0 0.661000 0.468889 0.021000 0.025778
0 0.671750 0.506667 0.014500 0.040889
0 0.677625 0.462889 0.014750 0.033333
0 0.696250 0.470889 0.021500 0.029778
0 0.710375 0.426889 0.024250 0.028889
0 0.698500 0.398000 0.012500 0.032444
0 0.710500 0.364222 0.022500 0.040444
0 0.696375 0.374889 0.014750 0.020000
0 0.686250 0.350444 0.028500 0.028000
0 0.760000 0.427333 0.017000 0.045778
0 0.766000 0.488444 0.019500 0.034667
0 0.762875 0.540222 0.017750 0.041333
0 0.342375 0.606889 0.018750 0.038667
0 0.337375 0.651778 0.014750 0.034222
0 0.236500 0.377556 0.025500 0.034222
0 0.631625 0.675556 0.016750 0.039111
0 0.646250 0.668667 0.015000 0.033333
0 0.662750 0.676889 0.016000 0.035556
0 0.676500 0.654222 0.018000 0.037333
0 0.724750 0.624667 0.016000 0.029778
0 0.717750 0.658444 0.013000 0.031556
0 0.737000 0.700444 0.024000 0.024000
0 0.746750 0.669333 0.023000 0.024000
0 0.733750 0.651778 0.017500 0.021778
0 0.732750 0.678222 0.020000 0.022222
