0 0.185125 0.410889 0.029250 0.036000
0 0.243375 0.278222 0.022750 0.044444
0 0.272375 0.379556 0.024250 0.040000
0 0.297375 0.368889 0.022750 0.036444
0 0.312250 0.422000 0.022500 0.031556
0 0.382875 0.419111 0.026750 0.039111
0 0.407250 0.376889 0.024500 0.046222
0 0.454125 0.420000 0.022250 0.060444
0 0.472250 0.404222 0.014500 0.034222
0 0.487125 0.356667 0.022250 0.035111
0 0.503375 0.380667 0.017250 0.032444
0 0.486375 0.394444 0.016250 0.036889
0 0.496000 0.429111 0.013500 0.043111
0 0.508625 0.418889 0.014250 0.031556
0 0.523375 0.400222 0.020250 0.027111
0 0.524000 0.454444 0.025000 0.041333
0 0.489375 0.520000 0.024250 0.038222
0 0.451125 0.511333 0.018750 0.042222
0 0.405125 0.549333 0.020250 0.026667
0 0.430125 0.510444 0.018250 0.036889
0 0.420375 0.545111 0.016750 0.029778
0 0.436250 0.563111 0.019000 0.044444
0 0.465125 0.556667 0.020250 0.046667
0 0.449125 0.560444 0.011250 0.043556
0 0.474750 0.629111 0.024500 0.036000
0 0.500125 0.659556 0.024250 0.035556
0 0.501750 0.616000 0.020500 0.033778
0 0.539875 0.654000 0.020250 0.059111
0 0.551625 0.717333 0.020750 0.035556
0 0.517000 0.707333 0.024500 0.035111
0 0.496250 0.709778 0.015000 0.045333
0 0.505250 0.753111 0.015000 0.044889
0 0.451875 0.741333 0.021250 0.039111
0 0.384000 0.706444 0.027000 0.044000
0 0.414000 0.671111 0.025000 0.033778
0 0.422250 0.751556 0.021000 0.023111
0 0.427125 0.711111 0.015250 0.028444
0 0.421625 0.730000 0.019250 0.019111
0 0.498375 0.804889 0.022250 0.048889
0 0.482750 0.754000 0.019000 0.041333
0 0.356875 0.487111 0.019750 0.043556
0 0.289375 0.520889 0.022250 0.035556
0 0.310250 0.540444 0.024000 0.036444
0 0.333875 0.557111 0.026250 0.052000
0 0.305625 0.645556 0.023750 0.040444
0 0.331625 0.592000 0.027750 0.021333
0 0.368250 0.586889 0.026000 0.038667
0 0.301125 0.693778 0.019250 0.035556
0 0.435875 0.298889 0.029250 0.050222
0 0.530125 0.364000 0.025250 0.044444
0 0.518875 0.329111 0.024750 0.028889
0 0.551125 0.363556 0.017750 0.047111
0 0.555500 0.308444 0.027000 0.040000
0 0.595875 0.244889 0.026250 0.056000
0 0.571000 0.256667 0.020500 0.038667
0 0.547500 0.196222 0.037000 0.031556
0 0.584875 0.331111 0.027250 0.048889
0 0.579875 0.370667 0.029250 0.029333
0 0.555375 0.409333 0.019750 0.035556
0 0.575625 0.394222 0.020750 0.024000
0 0.588250 0.420667 0.022000 0.036889
0 0.589625 0.538667 0.016250 0.040000
0 0.553375 0.474000 0.017750 0.036000
0 0.563125 0.502667 0.021750 0.034667
0 0.600625 0.498000 0.022250 0.033333
0 0.574500 0.478000 0.018500 0.023556
0 0.577875 0.450000 0.025250 0.032444
0 0.604375 0.458444 0.015250 0.027111
0 0.619125 0.437333 0.019250 0.048000
0 0.637875 0.478222 0.024750 0.028444
0 0.656875 0.467333 0.013250 0.036000
0 0.676875 0.475333 0.022250 0.028000
0 0.634750 0.531556 0.019500 0.043556
0 0.649875 0.515333 0.013250 0.034222
0 0.661375 0.498000 0.018750 0.018222
0 0.682375 0.553778 0.022250 0.035556
0 0.659750 0.568889 0.022500 0.047111
0 0.607375 0.572222 0.015250 0.056444
0 0.620875 0.589111 0.013250 0.033333
0 0.637250 0.589778 0.016000 0.028444
0 0.652875 0.597333 0.017250 0.040000
0 0.632875 0.626000 0.020250 0.045778
0 0.616625 0.694667 0.020250 0.051556
0 0.631250 0.685111 0.015000 0.037778
0 0.659875 0.663111 0.021250 0.038222
0 0.644750 0.693333 0.017000 0.034667
0 0.709500 0.632667 0.017000 0.033333
0 0.702875 0.668667 0.013750 0.037778
0 0.720125 0.656889 0.018750 0.026667
0 0.729250 0.675778 0.021500 0.016444
0 0.716875 0.687778 0.015250 0.025333
0 0.724750 0.708222 0.023500 0.022667
0 0.746625 0.542667 0.016750 0.040000
0 0.747500 0.483778 0.020500 0.037778
0 0.742375 0.422000 0.016250 0.042222
0 0.690500 0.426667 0.024000 0.031111
0 0.679125 0.398444 0.013250 0.028000
0 0.674375 0.373333 0.016750 0.016000
0 0.687500 0.362667 0.020500 0.041778
0 0.663750 0.348000 0.025500 0.032000
