0 0.176000 0.404889 0.027000 0.039111
0 0.265375 0.373556 0.022750 0.042222
0 0.288625 0.361778 0.022750 0.038222
0 0.237000 0.268000 0.022500 0.047111
0 0.304750 0.418889 0.025000 0.032444
0 0.349750 0.489556 0.018500 0.043111
0 0.280500 0.517333 0.022500 0.026667
0 0.301625 0.542222 0.023250 0.030222
0 0.324875 0.557111 0.024750 0.052000
0 0.321750 0.596000 0.027000 0.027556
0 0.360125 0.595333 0.026250 0.041333
0 0.293875 0.651111 0.024250 0.040000
0 0.289750 0.698889 0.018500 0.040444
0 0.375125 0.721111 0.028250 0.046667
0 0.406125 0.684889 0.025250 0.039111
0 0.443750 0.761778 0.020500 0.040889
0 0.414875 0.768667 0.025250 0.026222
0 0.431250 0.734222 0.012500 0.032889
0 0.417000 0.724000 0.015500 0.038222
0 0.477750 0.778000 0.021000 0.045778
0 0.495375 0.832667 0.021250 0.045778
0 0.501875 0.779333 0.019250 0.050222
0 0.493125 0.732222 0.018250 0.052889
0 0.514875 0.730444 0.027750 0.045778
0 0.496625 0.682889 0.024250 0.040444
0 0.470125 0.647111 0.025250 0.034667
0 0.498250 0.634222 0.022500 0.036444
0 0.539875 0.676667 0.023750 0.064444
0 0.550875 0.745778 0.024250 0.037333
0 0.397875 0.556889 0.017250 0.033778
0 0.413500 0.550222 0.015500 0.036444
0 0.431625 0.565333 0.019250 0.042667
0 0.459500 0.569778 0.024500 0.043556
0 0.444250 0.570444 0.010500 0.052000
0 0.424375 0.514667 0.020250 0.044444
0 0.446750 0.517556 0.017000 0.047556
0 0.486125 0.529333 0.022750 0.040000
0 0.523625 0.461556 0.024750 0.045778
0 0.450375 0.422667 0.025250 0.062222
0 0.470750 0.409333 0.017000 0.043556
0 0.485125 0.357111 0.020750 0.036000
0 0.502500 0.383556 0.019500 0.029333
0 0.485125 0.398889 0.016250 0.047556
0 0.493750 0.431111 0.013500 0.043556
0 0.507375 0.423111 0.015750 0.030222
0 0.524125 0.404889 0.023250 0.043556
0 0.530625 0.362444 0.024250 0.035111
0 0.518625 0.330444 0.026750 0.025333
0 0.552875 0.366667 0.014750 0.048000
0 0.556000 0.413556 0.022000 0.042222
0 0.577375 0.400222 0.021250 0.028000
0 0.580125 0.374667 0.028750 0.027556
0 0.592250 0.334667 0.025000 0.048000
0 0.559750 0.311778 0.025000 0.038667
0 0.376000 0.417778 0.028000 0.046222
0 0.401500 0.376000 0.026500 0.051556
0 0.431500 0.296222 0.029000 0.052000
0 0.549250 0.191556 0.046000 0.035556
0 0.601000 0.245778 0.024000 0.061333
0 0.574500 0.259778 0.023000 0.042222
0 0.674875 0.354889 0.030750 0.034222
0 0.704375 0.366889 0.026750 0.030667
0 0.687375 0.381333 0.018250 0.018667
0 0.692375 0.412000 0.013750 0.035556
0 0.706500 0.446000 0.027000 0.032444
0 0.766250 0.440444 0.019500 0.048000
0 0.773000 0.508444 0.022500 0.039111
0 0.769375 0.570222 0.016750 0.040000
0 0.593000 0.427556 0.026500 0.030222
0 0.628000 0.452667 0.023500 0.040444
0 0.609375 0.470889 0.018250 0.030667
0 0.581125 0.462889 0.020250 0.031556
0 0.599750 0.477556 0.020500 0.028000
0 0.605750 0.510000 0.024500 0.033333
0 0.567875 0.516889 0.026250 0.033778
0 0.554875 0.481778 0.021750 0.038222
0 0.579500 0.491556 0.022000 0.027556
0 0.592000 0.557333 0.020000 0.045333
0 0.611625 0.591778 0.014750 0.064444
0 0.627500 0.616667 0.015000 0.045778
0 0.643125 0.553333 0.020750 0.047111
0 0.648125 0.496000 0.025250 0.031111
0 0.669250 0.487778 0.018000 0.038667
0 0.659750 0.534000 0.015500 0.040444
0 0.675000 0.522667 0.022500 0.033778
0 0.690000 0.491556 0.024000 0.032000
0 0.694625 0.581111 0.022250 0.040444
0 0.669000 0.593778 0.027500 0.050667
0 0.662125 0.622444 0.019250 0.042222
0 0.645375 0.615333 0.017750 0.037778
0 0.642250 0.654000 0.019000 0.050222
0 0.621000 0.723778 0.018000 0.040444
0 0.637000 0.717111 0.014000 0.038667
0 0.652000 0.720444 0.016500 0.038222
0 0.669125 0.698000 0.023250 0.050222
0 0.724875 0.665778 0.017250 0.035556
0 0.717125 0.705333 0.018250 0.038222
0 0.737125 0.696222 0.020750 0.028000
0 0.734125 0.724667 0.019750 0.029778
0 0.747875 0.718000 0.018750 0.020889
0 0.741750 0.750222 0.024500 0.036444
