0 0.649778 0.132375 0.057778 0.036250
0 0.829556 0.205750 0.056444 0.034000
0 0.698000 0.240125 0.060889 0.031250
0 0.719333 0.272500 0.052889 0.032500
0 0.639111 0.291875 0.054222 0.032250
0 0.508000 0.257875 0.050667 0.029750
0 0.482444 0.283500 0.045778 0.028000
0 0.411556 0.312750 0.035556 0.035500
0 0.464889 0.316000 0.064889 0.038500
0 0.411333 0.362250 0.055556 0.033500
0 0.551556 0.348000 0.055111 0.027000
0 0.647556 0.381625 0.058667 0.033250
0 0.702000 0.414500 0.056444 0.034000
0 0.806222 0.453750 0.072000 0.038500
0 0.642222 0.478500 0.079111 0.023500
0 0.665333 0.499875 0.054222 0.026250
0 0.726222 0.521250 0.056889 0.032500
0 0.670222 0.522125 0.059556 0.020750
0 0.692667 0.545750 0.037778 0.024500
0 0.635778 0.535000 0.057333 0.016500
0 0.594222 0.570625 0.056889 0.033750
0 0.641111 0.549500 0.054667 0.015000
0 0.665333 0.569000 0.044444 0.035500
0 0.725111 0.579500 0.041333 0.032500
0 0.763778 0.563750 0.045778 0.033500
0 0.714889 0.606500 0.061778 0.022500
0 0.654222 0.612500 0.048000 0.030000
0 0.674000 0.637875 0.032444 0.027250
0 0.638222 0.658125 0.043556 0.031250
0 0.709111 0.643000 0.041333 0.034000
0 0.760222 0.653875 0.057333 0.037750
0 0.788667 0.613375 0.052000 0.035250
0 0.856667 0.634250 0.049333 0.031500
0 0.872222 0.665500 0.074222 0.031000
0 0.934889 0.601000 0.038667 0.052000
0 0.569778 0.611250 0.047111 0.028500
0 0.529111 0.623875 0.033333 0.028750
0 0.560222 0.640750 0.030667 0.027000
0 0.594889 0.641000 0.039556 0.023500
0 0.578889 0.669500 0.035111 0.027000
0 0.538444 0.677625 0.042222 0.030750
0 0.473111 0.662125 0.062667 0.023250
0 0.589778 0.686750 0.032000 0.020500
0 0.614000 0.701625 0.049333 0.028750
0 0.431556 0.686750 0.078222 0.021000
0 0.403111 0.706750 0.053333 0.022000
0 0.352889 0.718000 0.058667 0.035500
0 0.401333 0.725750 0.040000 0.021500
0 0.394222 0.748375 0.047111 0.025250
0 0.482444 0.724750 0.058222 0.028500
0 0.433556 0.758375 0.052889 0.035250
0 0.452667 0.791000 0.063556 0.030500
0 0.259333 0.701750 0.062667 0.022000
0 0.271556 0.721500 0.049778 0.024000
0 0.262222 0.742000 0.050667 0.020000
0 0.296222 0.761625 0.062667 0.030750
0 0.466222 0.880750 0.050667 0.024500
0 0.550000 0.882500 0.058222 0.024000
0 0.630444 0.871875 0.061778 0.021250
0 0.506667 0.525250 0.053333 0.032000
0 0.518667 0.473500 0.057778 0.022500
0 0.467333 0.410750 0.044000 0.025000
0 0.519111 0.445875 0.058667 0.023750
0 0.484444 0.431875 0.074667 0.013250
0 0.454667 0.489875 0.064000 0.029250
0 0.457556 0.453375 0.044000 0.026750
0 0.454222 0.472875 0.048889 0.020750
0 0.297778 0.423375 0.049778 0.037750
0 0.247111 0.383500 0.064889 0.035000
0 0.181333 0.433750 0.034667 0.023000
0 0.208444 0.432000 0.034667 0.025500
0 0.241778 0.436375 0.037333 0.026250
0 0.228000 0.454000 0.053333 0.020500
0 0.199556 0.473125 0.042667 0.026750
0 0.236222 0.537500 0.060000 0.025000
0 0.108444 0.543125 0.055111 0.033250
0 0.176222 0.547250 0.062667 0.025000
0 0.174889 0.517375 0.056444 0.026750
0 0.240000 0.564625 0.047111 0.035250
0 0.304444 0.541250 0.051556 0.038000
0 0.350889 0.506250 0.046667 0.033500
0 0.368222 0.542000 0.050222 0.029500
0 0.315778 0.596750 0.086667 0.031500
0 0.224222 0.613375 0.049333 0.031750
0 0.557778 0.728500 0.054222 0.033500
0 0.572444 0.755125 0.048889 0.022750
0 0.514222 0.744750 0.064889 0.016500
0 0.529556 0.763250 0.038667 0.027500
0 0.564444 0.781875 0.036444 0.028750
0 0.629556 0.798875 0.054667 0.029750
0 0.661333 0.783250 0.051556 0.018500
0 0.730889 0.760125 0.058222 0.038750
0 0.697333 0.777500 0.029333 0.025000
0 0.719556 0.794375 0.048889 0.029750
0 0.330444 0.277500 0.053778 0.032000
0 0.266889 0.272000 0.057333 0.026500
0 0.344667 0.835000 0.060000 0.020500
0 0.228667 0.854875 0.042222 0.030250
0 0.261778 0.843250 0.029333 0.026000
0 0.285111 0.861000 0.036889 0.028000
0 0.290444 0.825875 0.051111 0.024750
0 0.303778 0.847375 0.038667 0.022250
